nohup: ignoring input
2024-11-27 04:29:38,276:INFO::=============== Search Args:
Namespace(dataset='IMDB', feats_type=6, gnn_model='simpleHGN', valid_attributed_type=0, cluster_num=12, cluster_eps=1e-05, att_comp_dim=64, hidden_dim=64, num_heads=8, attn_vec_dim=128, search_epoch=350, retrain_epoch=500, inner_epoch=1, patience_search=8, patience_retrain=30, batch_size=8, batch_size_test=32, momentum=0.9, lr=0.0005, lr_rate_min=3e-05, num_layers=2, dropout=0.5, weight_decay=0.0001, slope=0.1, grad_clip=5, network_momentum=0.9, arch_learning_rate=0.005, arch_weight_decay=1e-05, repeat=5, cluster_epoch=1, save_postfix='DBLP', feats_opt='0111', cuda=True, unrolled=False, useSGD=False, useTypeLinear=False, l2norm=False, cluster_norm=False, usedropout=False, is_unrolled='False', is_use_type_linear='False', is_use_SGD='False', is_use_dropout='False', time_line='2024-11-27-04-29-38', edge_feats=64, warmup_epoch=0, clusterupdate_round=1, searcher_name='darts', rnn_type='RotatE0', neighbor_samples=100, use_minibatch=False, shared_ops=True, e_greedy=0, usebn=False, seed=123, use_5seeds=True, no_use_fixseeds=False, use_dmon=True, collapse_regularization=0.1, dmon_loss_alpha=0.4, tau=1.0, schedule_step=350, schedule_step_retrain=500, use_norm=False, use_adamw=False, use_skip=False, cur_repeat=0, last_hidden_dim=512, logger=<Logger log_output (INFO)>)
2024-11-27 04:29:45,660:INFO::node_type_num: 4
/home/yyj/miniconda3/envs/yyj_mdnnac/lib/python3.9/site-packages/dgl/heterograph.py:72: DGLWarning: Recommend creating graphs by `dgl.graph(data)` instead of `dgl.DGLGraph(data)`.
  dgl_warning('Recommend creating graphs by `dgl.graph(data)`'
2024-11-27 04:29:47,785:INFO::=============== Prepare basic data stage finish, use 9.509053230285645 time.
2024-11-27 04:29:50,716:INFO::save_dir_name: simpleHGN_darts_C12_useDmon_coef0.4_Adam_gcn.ppnp.mean.one-hot_noTypeLinear_011_64_shared_ops_lr0.0005_wd0.0001_use5seeds_use_fixseeds_use_adam_patience-8_30
2024-11-27 04:29:50,750:INFO::Epoch: 0
tensor([[0.2502, 0.2500, 0.2499, 0.2499],
        [0.2499, 0.2504, 0.2495, 0.2502],
        [0.2499, 0.2503, 0.2500, 0.2498],
        [0.2500, 0.2500, 0.2498, 0.2501],
        [0.2501, 0.2495, 0.2501, 0.2503],
        [0.2503, 0.2500, 0.2498, 0.2499],
        [0.2496, 0.2497, 0.2502, 0.2505],
        [0.2499, 0.2499, 0.2497, 0.2505],
        [0.2502, 0.2500, 0.2499, 0.2500],
        [0.2503, 0.2500, 0.2499, 0.2499],
        [0.2502, 0.2498, 0.2500, 0.2500],
        [0.2499, 0.2500, 0.2502, 0.2500]], device='cuda:0',
       grad_fn=<SoftmaxBackward0>)
/home/yyj/miniconda3/envs/yyj_mdnnac/lib/python3.9/site-packages/torch/nn/functional.py:1960: UserWarning: nn.functional.sigmoid is deprecated. Use torch.sigmoid instead.
  warnings.warn("nn.functional.sigmoid is deprecated. Use torch.sigmoid instead.")
2024-11-27 04:29:51,710:INFO::save_dir_name: simpleHGN_darts_C12_useDmon_coef0.4_Adam_gcn.ppnp.mean.one-hot_noTypeLinear_011_64_shared_ops_lr0.0005_wd0.0001_use5seeds_use_fixseeds_use_adam_patience-8_30
2024-11-27 04:29:51,710:INFO::Epoch 00000 | lr 0.00050 | Train_Loss 0.6808 | Train_Classification_Loss 0.6894 | Dmon_Loss -0.0213 | Val_Loss 0.6395 | Search Time(s) 0.9259 | Infer Time(s) 0.0375 | Time(s) 0.9634 
2024-11-27 04:29:54,230:INFO::cluster info:
0: -1;	1: -1;	2: -1;	3: -1;	4: -1;	5: -1;	6: -1;	7: -1;	8: -1;	9: -1;	10: -1;	11: -1;	12: -1;	13: -1;	14: -1;	15: -1;	16: -1;	17: -1;	18: -1;	19: -1;	20: -1;	21: -1;	22: -1;	23: -1;	24: -1;	25: -1;	26: -1;	27: -1;	28: -1;	29: -1;	30: -1;	31: -1;	32: -1;	33: -1;	34: -1;	35: -1;	36: -1;	37: -1;	38: -1
0: 2;	21391: 6;	21392: 1;	21393: 8;	21394: 0;	21395: 2;	21396: 4;	21397: 1;	21398: 1;	21399: 2;	21400: 11;	21401: 11;	21402: 9;	21403: 2;	21404: 4;	21405: 2;	21406: 11;	21407: 8;	21408: 9;	21409: 1;	21410: 1;	21411: 1;	21412: 0;	21413: 11;	21414: 1;	21415: 2;	21416: 8;	21417: 7;	21418: 6;	21419: 2;	
2024-11-27 04:29:54,232:INFO::Epoch: 1
tensor([[0.2496, 0.2518, 0.2493, 0.2493],
        [0.2512, 0.2517, 0.2482, 0.2490],
        [0.2493, 0.2522, 0.2494, 0.2491],
        [0.2482, 0.2506, 0.2504, 0.2508],
        [0.2495, 0.2514, 0.2495, 0.2497],
        [0.2509, 0.2506, 0.2479, 0.2506],
        [0.2509, 0.2509, 0.2489, 0.2492],
        [0.2506, 0.2505, 0.2478, 0.2511],
        [0.2484, 0.2506, 0.2505, 0.2506],
        [0.2491, 0.2512, 0.2511, 0.2486],
        [0.2495, 0.2492, 0.2519, 0.2494],
        [0.2486, 0.2512, 0.2489, 0.2512]], device='cuda:0',
       grad_fn=<SoftmaxBackward0>)
2024-11-27 04:29:54,427:INFO::save_dir_name: simpleHGN_darts_C12_useDmon_coef0.4_Adam_gcn.ppnp.mean.one-hot_noTypeLinear_011_64_shared_ops_lr0.0005_wd0.0001_use5seeds_use_fixseeds_use_adam_patience-8_30
2024-11-27 04:29:54,428:INFO::Epoch 00001 | lr 0.00050 | Train_Loss 0.6359 | Train_Classification_Loss 0.6445 | Dmon_Loss -0.0214 | Val_Loss 0.6386 | Search Time(s) 0.1594 | Infer Time(s) 0.0369 | Time(s) 0.1963 
2024-11-27 04:29:57,091:INFO::cluster info:
0: -1;	1: -1;	2: -1;	3: -1;	4: -1;	5: -1;	6: -1;	7: -1;	8: -1;	9: -1;	10: -1;	11: -1;	12: -1;	13: -1;	14: -1;	15: -1;	16: -1;	17: -1;	18: -1;	19: -1;	20: -1;	21: -1;	22: -1;	23: -1;	24: -1;	25: -1;	26: -1;	27: -1;	28: -1;	29: -1;	30: -1;	31: -1;	32: -1;	33: -1;	34: -1;	35: -1;	36: -1;	37: -1;	38: -1
0: 1;	21391: 8;	21392: 7;	21393: 2;	21394: 6;	21395: 6;	21396: 8;	21397: 4;	21398: 1;	21399: 11;	21400: 0;	21401: 11;	21402: 4;	21403: 2;	21404: 9;	21405: 2;	21406: 4;	21407: 1;	21408: 0;	21409: 4;	21410: 6;	21411: 9;	21412: 8;	21413: 11;	21414: 11;	21415: 1;	21416: 0;	21417: 0;	21418: 2;	21419: 1;	
2024-11-27 04:29:57,091:INFO::Validation loss decreased (inf --> 0.638637).  Saving model ...
2024-11-27 04:29:57,093:INFO::Epoch: 2
tensor([[0.2483, 0.2529, 0.2492, 0.2497],
        [0.2506, 0.2532, 0.2472, 0.2490],
        [0.2487, 0.2540, 0.2486, 0.2486],
        [0.2468, 0.2510, 0.2505, 0.2517],
        [0.2488, 0.2530, 0.2486, 0.2496],
        [0.2507, 0.2507, 0.2477, 0.2509],
        [0.2523, 0.2508, 0.2484, 0.2486],
        [0.2514, 0.2511, 0.2472, 0.2503],
        [0.2479, 0.2521, 0.2501, 0.2498],
        [0.2483, 0.2526, 0.2509, 0.2482],
        [0.2493, 0.2489, 0.2529, 0.2489],
        [0.2487, 0.2511, 0.2483, 0.2519]], device='cuda:0',
       grad_fn=<SoftmaxBackward0>)
2024-11-27 04:29:57,291:INFO::save_dir_name: simpleHGN_darts_C12_useDmon_coef0.4_Adam_gcn.ppnp.mean.one-hot_noTypeLinear_011_64_shared_ops_lr0.0005_wd0.0001_use5seeds_use_fixseeds_use_adam_patience-8_30
2024-11-27 04:29:57,292:INFO::Epoch 00002 | lr 0.00050 | Train_Loss 0.6273 | Train_Classification_Loss 0.6359 | Dmon_Loss -0.0217 | Val_Loss 0.6383 | Search Time(s) 0.1626 | Infer Time(s) 0.0370 | Time(s) 0.1996 
2024-11-27 04:29:59,872:INFO::cluster info:
0: -1;	1: -1;	2: -1;	3: -1;	4: -1;	5: -1;	6: -1;	7: -1;	8: -1;	9: -1;	10: -1;	11: -1;	12: -1;	13: -1;	14: -1;	15: -1;	16: -1;	17: -1;	18: -1;	19: -1;	20: -1;	21: -1;	22: -1;	23: -1;	24: -1;	25: -1;	26: -1;	27: -1;	28: -1;	29: -1;	30: -1;	31: -1;	32: -1;	33: -1;	34: -1;	35: -1;	36: -1;	37: -1;	38: -1
0: 3;	21391: 0;	21392: 0;	21393: 1;	21394: 1;	21395: 3;	21396: 7;	21397: 1;	21398: 4;	21399: 1;	21400: 11;	21401: 1;	21402: 11;	21403: 9;	21404: 3;	21405: 2;	21406: 8;	21407: 1;	21408: 11;	21409: 3;	21410: 8;	21411: 2;	21412: 1;	21413: 0;	21414: 1;	21415: 6;	21416: 1;	21417: 1;	21418: 4;	21419: 11;	
2024-11-27 04:29:59,872:INFO::Validation loss decreased (0.638637 --> 0.638262).  Saving model ...
2024-11-27 04:29:59,874:INFO::Epoch: 3
tensor([[0.2483, 0.2530, 0.2480, 0.2507],
        [0.2514, 0.2540, 0.2464, 0.2483],
        [0.2480, 0.2551, 0.2484, 0.2485],
        [0.2469, 0.2497, 0.2512, 0.2522],
        [0.2483, 0.2541, 0.2484, 0.2492],
        [0.2505, 0.2510, 0.2476, 0.2510],
        [0.2533, 0.2510, 0.2482, 0.2475],
        [0.2510, 0.2518, 0.2468, 0.2503],
        [0.2483, 0.2529, 0.2493, 0.2495],
        [0.2482, 0.2534, 0.2504, 0.2480],
        [0.2491, 0.2486, 0.2534, 0.2488],
        [0.2496, 0.2506, 0.2476, 0.2522]], device='cuda:0',
       grad_fn=<SoftmaxBackward0>)
2024-11-27 04:30:00,067:INFO::save_dir_name: simpleHGN_darts_C12_useDmon_coef0.4_Adam_gcn.ppnp.mean.one-hot_noTypeLinear_011_64_shared_ops_lr0.0005_wd0.0001_use5seeds_use_fixseeds_use_adam_patience-8_30
2024-11-27 04:30:00,069:INFO::Epoch 00003 | lr 0.00050 | Train_Loss 0.6273 | Train_Classification_Loss 0.6360 | Dmon_Loss -0.0219 | Val_Loss 0.6380 | Search Time(s) 0.1581 | Infer Time(s) 0.0369 | Time(s) 0.1951 
2024-11-27 04:30:02,628:INFO::cluster info:
0: -1;	1: -1;	2: -1;	3: -1;	4: -1;	5: -1;	6: -1;	7: -1;	8: -1;	9: -1;	10: -1;	11: -1;	12: -1;	13: -1;	14: -1;	15: -1;	16: -1;	17: -1;	18: -1;	19: -1;	20: -1;	21: -1;	22: -1;	23: -1;	24: -1;	25: -1;	26: -1;	27: -1;	28: -1;	29: -1;	30: -1;	31: -1;	32: -1;	33: -1;	34: -1;	35: -1;	36: -1;	37: -1;	38: -1
90: 1;	21391: 4;	21392: 1;	21393: 1;	21394: 1;	21395: 6;	21396: 7;	21397: 3;	21398: 8;	21399: 0;	21400: 11;	21401: 3;	21402: 0;	21403: 8;	21404: 1;	21405: 11;	21406: 1;	21407: 1;	21408: 8;	21409: 2;	21410: 6;	21411: 3;	21412: 9;	21413: 10;	21414: 1;	21415: 1;	21416: 4;	21417: 3;	21418: 2;	21419: 1;	
2024-11-27 04:30:02,629:INFO::Validation loss decreased (0.638262 --> 0.637953).  Saving model ...
2024-11-27 04:30:02,630:INFO::Epoch: 4
tensor([[0.2482, 0.2532, 0.2480, 0.2506],
        [0.2510, 0.2553, 0.2460, 0.2477],
        [0.2471, 0.2554, 0.2487, 0.2488],
        [0.2470, 0.2487, 0.2516, 0.2527],
        [0.2476, 0.2546, 0.2488, 0.2490],
        [0.2508, 0.2507, 0.2475, 0.2510],
        [0.2541, 0.2511, 0.2478, 0.2469],
        [0.2508, 0.2528, 0.2467, 0.2498],
        [0.2483, 0.2534, 0.2494, 0.2490],
        [0.2477, 0.2540, 0.2502, 0.2480],
        [0.2485, 0.2486, 0.2537, 0.2492],
        [0.2499, 0.2506, 0.2469, 0.2525]], device='cuda:0',
       grad_fn=<SoftmaxBackward0>)
2024-11-27 04:30:02,824:INFO::save_dir_name: simpleHGN_darts_C12_useDmon_coef0.4_Adam_gcn.ppnp.mean.one-hot_noTypeLinear_011_64_shared_ops_lr0.0005_wd0.0001_use5seeds_use_fixseeds_use_adam_patience-8_30
2024-11-27 04:30:02,825:INFO::Epoch 00004 | lr 0.00050 | Train_Loss 0.6240 | Train_Classification_Loss 0.6329 | Dmon_Loss -0.0222 | Val_Loss 0.6376 | Search Time(s) 0.1580 | Infer Time(s) 0.0368 | Time(s) 0.1948 
2024-11-27 04:30:05,374:INFO::cluster info:
0: -1;	1: -1;	2: -1;	3: -1;	4: -1;	5: -1;	6: -1;	7: -1;	8: -1;	9: -1;	10: -1;	11: -1;	12: -1;	13: -1;	14: -1;	15: -1;	16: -1;	17: -1;	18: -1;	19: -1;	20: -1;	21: -1;	22: -1;	23: -1;	24: -1;	25: -1;	26: -1;	27: -1;	28: -1;	29: -1;	30: -1;	31: -1;	32: -1;	33: -1;	34: -1;	35: -1;	36: -1;	37: -1;	38: -1
90: 0;	21391: 0;	21392: 6;	21393: 0;	21394: 1;	21395: 1;	21396: 6;	21397: 4;	21398: 10;	21399: 0;	21400: 3;	21401: 7;	21402: 2;	21403: 1;	21404: 11;	21405: 3;	21406: 4;	21407: 0;	21408: 1;	21409: 3;	21410: 6;	21411: 7;	21412: 5;	21413: 2;	21414: 1;	21415: 6;	21416: 11;	21417: 5;	21418: 2;	21419: 4;	
2024-11-27 04:30:05,374:INFO::Validation loss decreased (0.637953 --> 0.637623).  Saving model ...
2024-11-27 04:30:05,375:INFO::Epoch: 5
tensor([[0.2479, 0.2533, 0.2480, 0.2507],
        [0.2512, 0.2561, 0.2460, 0.2467],
        [0.2466, 0.2555, 0.2484, 0.2496],
        [0.2472, 0.2476, 0.2529, 0.2523],
        [0.2476, 0.2546, 0.2489, 0.2489],
        [0.2505, 0.2510, 0.2475, 0.2510],
        [0.2544, 0.2509, 0.2479, 0.2469],
        [0.2508, 0.2533, 0.2470, 0.2490],
        [0.2478, 0.2534, 0.2497, 0.2491],
        [0.2481, 0.2537, 0.2504, 0.2478],
        [0.2482, 0.2486, 0.2539, 0.2493],
        [0.2504, 0.2505, 0.2463, 0.2528]], device='cuda:0',
       grad_fn=<SoftmaxBackward0>)
2024-11-27 04:30:05,569:INFO::save_dir_name: simpleHGN_darts_C12_useDmon_coef0.4_Adam_gcn.ppnp.mean.one-hot_noTypeLinear_011_64_shared_ops_lr0.0005_wd0.0001_use5seeds_use_fixseeds_use_adam_patience-8_30
2024-11-27 04:30:05,570:INFO::Epoch 00005 | lr 0.00050 | Train_Loss 0.6225 | Train_Classification_Loss 0.6315 | Dmon_Loss -0.0225 | Val_Loss 0.6372 | Search Time(s) 0.1575 | Infer Time(s) 0.0372 | Time(s) 0.1947 
2024-11-27 04:30:08,158:INFO::cluster info:
0: -1;	1: -1;	2: -1;	3: -1;	4: -1;	5: -1;	6: -1;	7: -1;	8: -1;	9: -1;	10: -1;	11: -1;	12: -1;	13: -1;	14: -1;	15: -1;	16: -1;	17: -1;	18: -1;	19: -1;	20: -1;	21: -1;	22: -1;	23: -1;	24: -1;	25: -1;	26: -1;	27: -1;	28: -1;	29: -1;	30: -1;	31: -1;	32: -1;	33: -1;	34: -1;	35: -1;	36: -1;	37: -1;	38: -1
0: 7;	21391: 2;	21392: 8;	21393: 1;	21394: 9;	21395: 8;	21396: 8;	21397: 6;	21398: 8;	21399: 0;	21400: 7;	21401: 1;	21402: 6;	21403: 9;	21404: 11;	21405: 5;	21406: 8;	21407: 4;	21408: 8;	21409: 9;	21410: 9;	21411: 11;	21412: 4;	21413: 9;	21414: 11;	21415: 8;	21416: 11;	21417: 5;	21418: 8;	21419: 9;	
2024-11-27 04:30:08,159:INFO::Validation loss decreased (0.637623 --> 0.637235).  Saving model ...
2024-11-27 04:30:08,160:INFO::Epoch: 6
tensor([[0.2480, 0.2531, 0.2486, 0.2502],
        [0.2510, 0.2566, 0.2461, 0.2463],
        [0.2464, 0.2558, 0.2481, 0.2496],
        [0.2477, 0.2467, 0.2538, 0.2518],
        [0.2475, 0.2546, 0.2484, 0.2495],
        [0.2495, 0.2512, 0.2479, 0.2515],
        [0.2544, 0.2503, 0.2485, 0.2469],
        [0.2510, 0.2530, 0.2473, 0.2487],
        [0.2479, 0.2533, 0.2497, 0.2490],
        [0.2491, 0.2532, 0.2501, 0.2476],
        [0.2481, 0.2485, 0.2541, 0.2493],
        [0.2503, 0.2507, 0.2462, 0.2527]], device='cuda:0',
       grad_fn=<SoftmaxBackward0>)
2024-11-27 04:30:08,354:INFO::save_dir_name: simpleHGN_darts_C12_useDmon_coef0.4_Adam_gcn.ppnp.mean.one-hot_noTypeLinear_011_64_shared_ops_lr0.0005_wd0.0001_use5seeds_use_fixseeds_use_adam_patience-8_30
2024-11-27 04:30:08,355:INFO::Epoch 00006 | lr 0.00050 | Train_Loss 0.6218 | Train_Classification_Loss 0.6309 | Dmon_Loss -0.0227 | Val_Loss 0.6368 | Search Time(s) 0.1580 | Infer Time(s) 0.0369 | Time(s) 0.1949 
2024-11-27 04:30:10,954:INFO::cluster info:
0: -1;	1: -1;	2: -1;	3: -1;	4: -1;	5: -1;	6: -1;	7: -1;	8: -1;	9: -1;	10: -1;	11: -1;	12: -1;	13: -1;	14: -1;	15: -1;	16: -1;	17: -1;	18: -1;	19: -1;	20: -1;	21: -1;	22: -1;	23: -1;	24: -1;	25: -1;	26: -1;	27: -1;	28: -1;	29: -1;	30: -1;	31: -1;	32: -1;	33: -1;	34: -1;	35: -1;	36: -1;	37: -1;	38: -1
: 8;	21391: 3;	21392: 5;	21393: 6;	21394: 0;	21395: 1;	21396: 9;	21397: 11;	21398: 6;	21399: 9;	21400: 1;	21401: 0;	21402: 8;	21403: 0;	21404: 3;	21405: 0;	21406: 8;	21407: 0;	21408: 4;	21409: 11;	21410: 6;	21411: 8;	21412: 11;	21413: 11;	21414: 9;	21415: 1;	21416: 11;	21417: 0;	21418: 7;	21419: 5;	
2024-11-27 04:30:10,955:INFO::Validation loss decreased (0.637235 --> 0.636843).  Saving model ...
2024-11-27 04:30:10,956:INFO::Epoch: 7
tensor([[0.2483, 0.2528, 0.2490, 0.2500],
        [0.2518, 0.2567, 0.2460, 0.2456],
        [0.2464, 0.2560, 0.2480, 0.2496],
        [0.2485, 0.2460, 0.2539, 0.2515],
        [0.2476, 0.2544, 0.2481, 0.2499],
        [0.2487, 0.2515, 0.2482, 0.2516],
        [0.2547, 0.2502, 0.2490, 0.2460],
        [0.2513, 0.2531, 0.2475, 0.2481],
        [0.2488, 0.2528, 0.2495, 0.2489],
        [0.2497, 0.2528, 0.2499, 0.2476],
        [0.2481, 0.2484, 0.2540, 0.2495],
        [0.2508, 0.2509, 0.2458, 0.2525]], device='cuda:0',
       grad_fn=<SoftmaxBackward0>)
2024-11-27 04:30:11,150:INFO::save_dir_name: simpleHGN_darts_C12_useDmon_coef0.4_Adam_gcn.ppnp.mean.one-hot_noTypeLinear_011_64_shared_ops_lr0.0005_wd0.0001_use5seeds_use_fixseeds_use_adam_patience-8_30
2024-11-27 04:30:11,151:INFO::Epoch 00007 | lr 0.00050 | Train_Loss 0.6222 | Train_Classification_Loss 0.6313 | Dmon_Loss -0.0228 | Val_Loss 0.6364 | Search Time(s) 0.1580 | Infer Time(s) 0.0371 | Time(s) 0.1952 
2024-11-27 04:30:13,743:INFO::cluster info:
0: -1;	1: -1;	2: -1;	3: -1;	4: -1;	5: -1;	6: -1;	7: -1;	8: -1;	9: -1;	10: -1;	11: -1;	12: -1;	13: -1;	14: -1;	15: -1;	16: -1;	17: -1;	18: -1;	19: -1;	20: -1;	21: -1;	22: -1;	23: -1;	24: -1;	25: -1;	26: -1;	27: -1;	28: -1;	29: -1;	30: -1;	31: -1;	32: -1;	33: -1;	34: -1;	35: -1;	36: -1;	37: -1;	38: -1
21391: 7;	21392: 1;	21393: 11;	21394: 6;	21395: 0;	21396: 3;	21397: 4;	21398: 2;	21399: 5;	21400: 11;	21401: 5;	21402: 0;	21403: 11;	21404: 11;	21405: 11;	21406: 10;	21407: 3;	21408: 6;	21409: 11;	21410: 5;	21411: 3;	21412: 2;	21413: 10;	21414: 7;	21415: 11;	21416: 1;	21417: 5;	21418: 7;	21419: 11;	
2024-11-27 04:30:13,743:INFO::Validation loss decreased (0.636843 --> 0.636447).  Saving model ...
2024-11-27 04:30:13,745:INFO::Epoch: 8
tensor([[0.2485, 0.2526, 0.2492, 0.2498],
        [0.2525, 0.2564, 0.2457, 0.2453],
        [0.2464, 0.2561, 0.2475, 0.2499],
        [0.2497, 0.2449, 0.2534, 0.2519],
        [0.2488, 0.2542, 0.2479, 0.2492],
        [0.2490, 0.2506, 0.2483, 0.2520],
        [0.2551, 0.2500, 0.2491, 0.2458],
        [0.2515, 0.2530, 0.2477, 0.2478],
        [0.2490, 0.2526, 0.2493, 0.2491],
        [0.2502, 0.2526, 0.2500, 0.2473],
        [0.2481, 0.2484, 0.2540, 0.2494],
        [0.2518, 0.2503, 0.2456, 0.2523]], device='cuda:0',
       grad_fn=<SoftmaxBackward0>)
2024-11-27 04:30:13,938:INFO::save_dir_name: simpleHGN_darts_C12_useDmon_coef0.4_Adam_gcn.ppnp.mean.one-hot_noTypeLinear_011_64_shared_ops_lr0.0005_wd0.0001_use5seeds_use_fixseeds_use_adam_patience-8_30
2024-11-27 04:30:13,939:INFO::Epoch 00008 | lr 0.00050 | Train_Loss 0.6213 | Train_Classification_Loss 0.6304 | Dmon_Loss -0.0229 | Val_Loss 0.6360 | Search Time(s) 0.1579 | Infer Time(s) 0.0370 | Time(s) 0.1949 
2024-11-27 04:30:16,500:INFO::cluster info:
0: -1;	1: -1;	2: -1;	3: -1;	4: -1;	5: -1;	6: -1;	7: -1;	8: -1;	9: -1;	10: -1;	11: -1;	12: -1;	13: -1;	14: -1;	15: -1;	16: -1;	17: -1;	18: -1;	19: -1;	20: -1;	21: -1;	22: -1;	23: -1;	24: -1;	25: -1;	26: -1;	27: -1;	28: -1;	29: -1;	30: -1;	31: -1;	32: -1;	33: -1;	34: -1;	35: -1;	36: -1;	37: -1;	38: -1
: 5;	21391: 8;	21392: 5;	21393: 7;	21394: 11;	21395: 11;	21396: 0;	21397: 6;	21398: 3;	21399: 5;	21400: 5;	21401: 5;	21402: 2;	21403: 6;	21404: 9;	21405: 9;	21406: 11;	21407: 8;	21408: 6;	21409: 11;	21410: 11;	21411: 5;	21412: 8;	21413: 6;	21414: 5;	21415: 9;	21416: 8;	21417: 8;	21418: 7;	21419: 5;	
2024-11-27 04:30:16,501:INFO::Validation loss decreased (0.636447 --> 0.636035).  Saving model ...
2024-11-27 04:30:16,502:INFO::Epoch: 9
tensor([[0.2486, 0.2524, 0.2499, 0.2492],
        [0.2528, 0.2563, 0.2456, 0.2454],
        [0.2468, 0.2561, 0.2473, 0.2498],
        [0.2509, 0.2438, 0.2539, 0.2514],
        [0.2494, 0.2540, 0.2477, 0.2489],
        [0.2495, 0.2505, 0.2483, 0.2517],
        [0.2561, 0.2499, 0.2495, 0.2445],
        [0.2525, 0.2538, 0.2470, 0.2468],
        [0.2503, 0.2525, 0.2489, 0.2483],
        [0.2510, 0.2521, 0.2499, 0.2469],
        [0.2484, 0.2484, 0.2541, 0.2491],
        [0.2524, 0.2495, 0.2460, 0.2520]], device='cuda:0',
       grad_fn=<SoftmaxBackward0>)
2024-11-27 04:30:16,697:INFO::save_dir_name: simpleHGN_darts_C12_useDmon_coef0.4_Adam_gcn.ppnp.mean.one-hot_noTypeLinear_011_64_shared_ops_lr0.0005_wd0.0001_use5seeds_use_fixseeds_use_adam_patience-8_30
2024-11-27 04:30:16,698:INFO::Epoch 00009 | lr 0.00050 | Train_Loss 0.6206 | Train_Classification_Loss 0.6297 | Dmon_Loss -0.0229 | Val_Loss 0.6356 | Search Time(s) 0.1589 | Infer Time(s) 0.0371 | Time(s) 0.1959 
2024-11-27 04:30:19,304:INFO::cluster info:
0: -1;	1: -1;	2: -1;	3: -1;	4: -1;	5: -1;	6: -1;	7: -1;	8: -1;	9: -1;	10: -1;	11: -1;	12: -1;	13: -1;	14: -1;	15: -1;	16: -1;	17: -1;	18: -1;	19: -1;	20: -1;	21: -1;	22: -1;	23: -1;	24: -1;	25: -1;	26: -1;	27: -1;	28: -1;	29: -1;	30: -1;	31: -1;	32: -1;	33: -1;	34: -1;	35: -1;	36: -1;	37: -1;	38: -1
7;	21391: 1;	21392: 3;	21393: 6;	21394: 8;	21395: 7;	21396: 6;	21397: 8;	21398: 9;	21399: 1;	21400: 8;	21401: 2;	21402: 2;	21403: 8;	21404: 10;	21405: 7;	21406: 11;	21407: 1;	21408: 10;	21409: 5;	21410: 9;	21411: 10;	21412: 5;	21413: 5;	21414: 10;	21415: 8;	21416: 11;	21417: 0;	21418: 7;	21419: 10;	
2024-11-27 04:30:19,305:INFO::Validation loss decreased (0.636035 --> 0.635635).  Saving model ...
2024-11-27 04:30:19,306:INFO::Epoch: 10
tensor([[0.2489, 0.2515, 0.2508, 0.2487],
        [0.2530, 0.2562, 0.2454, 0.2453],
        [0.2470, 0.2562, 0.2470, 0.2497],
        [0.2517, 0.2429, 0.2541, 0.2513],
        [0.2495, 0.2540, 0.2474, 0.2491],
        [0.2509, 0.2491, 0.2486, 0.2514],
        [0.2574, 0.2492, 0.2497, 0.2437],
        [0.2534, 0.2535, 0.2464, 0.2467],
        [0.2519, 0.2521, 0.2480, 0.2480],
        [0.2514, 0.2516, 0.2503, 0.2468],
        [0.2487, 0.2484, 0.2541, 0.2488],
        [0.2529, 0.2487, 0.2463, 0.2521]], device='cuda:0',
       grad_fn=<SoftmaxBackward0>)
2024-11-27 04:30:19,504:INFO::save_dir_name: simpleHGN_darts_C12_useDmon_coef0.4_Adam_gcn.ppnp.mean.one-hot_noTypeLinear_011_64_shared_ops_lr0.0005_wd0.0001_use5seeds_use_fixseeds_use_adam_patience-8_30
2024-11-27 04:30:19,505:INFO::Epoch 00010 | lr 0.00050 | Train_Loss 0.6198 | Train_Classification_Loss 0.6290 | Dmon_Loss -0.0230 | Val_Loss 0.6352 | Search Time(s) 0.1622 | Infer Time(s) 0.0368 | Time(s) 0.1990 
2024-11-27 04:30:22,084:INFO::cluster info:
0: -1;	1: -1;	2: -1;	3: -1;	4: -1;	5: -1;	6: -1;	7: -1;	8: -1;	9: -1;	10: -1;	11: -1;	12: -1;	13: -1;	14: -1;	15: -1;	16: -1;	17: -1;	18: -1;	19: -1;	20: -1;	21: -1;	22: -1;	23: -1;	24: -1;	25: -1;	26: -1;	27: -1;	28: -1;	29: -1;	30: -1;	31: -1;	32: -1;	33: -1;	34: -1;	35: -1;	36: -1;	37: -1;	38: -1
0: 2;	21391: 11;	21392: 7;	21393: 8;	21394: 9;	21395: 1;	21396: 0;	21397: 3;	21398: 4;	21399: 8;	21400: 1;	21401: 10;	21402: 8;	21403: 9;	21404: 3;	21405: 9;	21406: 3;	21407: 1;	21408: 5;	21409: 4;	21410: 6;	21411: 3;	21412: 1;	21413: 9;	21414: 11;	21415: 9;	21416: 11;	21417: 7;	21418: 3;	21419: 5;	
2024-11-27 04:30:22,085:INFO::Validation loss decreased (0.635635 --> 0.635233).  Saving model ...
2024-11-27 04:30:22,086:INFO::Epoch: 11
tensor([[0.2494, 0.2513, 0.2510, 0.2483],
        [0.2531, 0.2563, 0.2453, 0.2452],
        [0.2473, 0.2561, 0.2466, 0.2500],
        [0.2526, 0.2423, 0.2534, 0.2518],
        [0.2498, 0.2540, 0.2472, 0.2489],
        [0.2512, 0.2491, 0.2486, 0.2511],
        [0.2581, 0.2491, 0.2497, 0.2431],
        [0.2549, 0.2529, 0.2459, 0.2463],
        [0.2533, 0.2520, 0.2474, 0.2472],
        [0.2526, 0.2512, 0.2498, 0.2464],
        [0.2491, 0.2484, 0.2541, 0.2484],
        [0.2533, 0.2478, 0.2467, 0.2522]], device='cuda:0',
       grad_fn=<SoftmaxBackward0>)
2024-11-27 04:30:22,280:INFO::save_dir_name: simpleHGN_darts_C12_useDmon_coef0.4_Adam_gcn.ppnp.mean.one-hot_noTypeLinear_011_64_shared_ops_lr0.0005_wd0.0001_use5seeds_use_fixseeds_use_adam_patience-8_30
2024-11-27 04:30:22,281:INFO::Epoch 00011 | lr 0.00050 | Train_Loss 0.6188 | Train_Classification_Loss 0.6280 | Dmon_Loss -0.0230 | Val_Loss 0.6348 | Search Time(s) 0.1579 | Infer Time(s) 0.0368 | Time(s) 0.1948 
2024-11-27 04:30:24,770:INFO::cluster info:
0: -1;	1: -1;	2: -1;	3: -1;	4: -1;	5: -1;	6: -1;	7: -1;	8: -1;	9: -1;	10: -1;	11: -1;	12: -1;	13: -1;	14: -1;	15: -1;	16: -1;	17: -1;	18: -1;	19: -1;	20: -1;	21: -1;	22: -1;	23: -1;	24: -1;	25: -1;	26: -1;	27: -1;	28: -1;	29: -1;	30: -1;	31: -1;	32: -1;	33: -1;	34: -1;	35: -1;	36: -1;	37: -1;	38: -1
: 3;	21391: 6;	21392: 6;	21393: 11;	21394: 8;	21395: 6;	21396: 0;	21397: 4;	21398: 3;	21399: 10;	21400: 5;	21401: 1;	21402: 9;	21403: 6;	21404: 8;	21405: 3;	21406: 5;	21407: 11;	21408: 6;	21409: 8;	21410: 8;	21411: 8;	21412: 4;	21413: 11;	21414: 6;	21415: 5;	21416: 11;	21417: 2;	21418: 0;	21419: 9;	
2024-11-27 04:30:24,770:INFO::Validation loss decreased (0.635233 --> 0.634813).  Saving model ...
2024-11-27 04:30:24,772:INFO::Epoch: 12
tensor([[0.2502, 0.2506, 0.2516, 0.2476],
        [0.2535, 0.2562, 0.2454, 0.2449],
        [0.2479, 0.2560, 0.2463, 0.2498],
        [0.2537, 0.2416, 0.2533, 0.2513],
        [0.2496, 0.2539, 0.2475, 0.2490],
        [0.2527, 0.2477, 0.2490, 0.2506],
        [0.2583, 0.2489, 0.2501, 0.2427],
        [0.2569, 0.2523, 0.2453, 0.2456],
        [0.2542, 0.2519, 0.2475, 0.2464],
        [0.2540, 0.2502, 0.2497, 0.2460],
        [0.2491, 0.2482, 0.2542, 0.2484],
        [0.2535, 0.2476, 0.2468, 0.2522]], device='cuda:0',
       grad_fn=<SoftmaxBackward0>)
2024-11-27 04:30:24,965:INFO::save_dir_name: simpleHGN_darts_C12_useDmon_coef0.4_Adam_gcn.ppnp.mean.one-hot_noTypeLinear_011_64_shared_ops_lr0.0005_wd0.0001_use5seeds_use_fixseeds_use_adam_patience-8_30
2024-11-27 04:30:24,966:INFO::Epoch 00012 | lr 0.00050 | Train_Loss 0.6186 | Train_Classification_Loss 0.6278 | Dmon_Loss -0.0231 | Val_Loss 0.6344 | Search Time(s) 0.1581 | Infer Time(s) 0.0369 | Time(s) 0.1950 
2024-11-27 04:30:27,595:INFO::cluster info:
0: -1;	1: -1;	2: -1;	3: -1;	4: -1;	5: -1;	6: -1;	7: -1;	8: -1;	9: -1;	10: -1;	11: -1;	12: -1;	13: -1;	14: -1;	15: -1;	16: -1;	17: -1;	18: -1;	19: -1;	20: -1;	21: -1;	22: -1;	23: -1;	24: -1;	25: -1;	26: -1;	27: -1;	28: -1;	29: -1;	30: -1;	31: -1;	32: -1;	33: -1;	34: -1;	35: -1;	36: -1;	37: -1;	38: -1
1;	21391: 10;	21392: 8;	21393: 3;	21394: 10;	21395: 11;	21396: 6;	21397: 3;	21398: 4;	21399: 8;	21400: 10;	21401: 7;	21402: 6;	21403: 6;	21404: 8;	21405: 10;	21406: 0;	21407: 5;	21408: 3;	21409: 7;	21410: 6;	21411: 10;	21412: 5;	21413: 6;	21414: 7;	21415: 1;	21416: 11;	21417: 5;	21418: 2;	21419: 5;	
2024-11-27 04:30:27,596:INFO::Validation loss decreased (0.634813 --> 0.634381).  Saving model ...
2024-11-27 04:30:27,597:INFO::Epoch: 13
tensor([[0.2508, 0.2497, 0.2525, 0.2470],
        [0.2537, 0.2561, 0.2456, 0.2446],
        [0.2482, 0.2556, 0.2461, 0.2500],
        [0.2541, 0.2411, 0.2538, 0.2510],
        [0.2497, 0.2538, 0.2474, 0.2491],
        [0.2552, 0.2467, 0.2485, 0.2496],
        [0.2589, 0.2484, 0.2504, 0.2423],
        [0.2581, 0.2517, 0.2449, 0.2452],
        [0.2550, 0.2509, 0.2477, 0.2465],
        [0.2554, 0.2489, 0.2500, 0.2458],
        [0.2489, 0.2480, 0.2544, 0.2487],
        [0.2535, 0.2473, 0.2468, 0.2523]], device='cuda:0',
       grad_fn=<SoftmaxBackward0>)
2024-11-27 04:30:27,791:INFO::save_dir_name: simpleHGN_darts_C12_useDmon_coef0.4_Adam_gcn.ppnp.mean.one-hot_noTypeLinear_011_64_shared_ops_lr0.0005_wd0.0001_use5seeds_use_fixseeds_use_adam_patience-8_30
2024-11-27 04:30:27,792:INFO::Epoch 00013 | lr 0.00050 | Train_Loss 0.6189 | Train_Classification_Loss 0.6281 | Dmon_Loss -0.0230 | Val_Loss 0.6339 | Search Time(s) 0.1578 | Infer Time(s) 0.0369 | Time(s) 0.1947 
2024-11-27 04:30:30,366:INFO::cluster info:
0: -1;	1: -1;	2: -1;	3: -1;	4: -1;	5: -1;	6: -1;	7: -1;	8: -1;	9: -1;	10: -1;	11: -1;	12: -1;	13: -1;	14: -1;	15: -1;	16: -1;	17: -1;	18: -1;	19: -1;	20: -1;	21: -1;	22: -1;	23: -1;	24: -1;	25: -1;	26: -1;	27: -1;	28: -1;	29: -1;	30: -1;	31: -1;	32: -1;	33: -1;	34: -1;	35: -1;	36: -1;	37: -1;	38: -1
9;	21391: 9;	21392: 5;	21393: 7;	21394: 8;	21395: 8;	21396: 5;	21397: 4;	21398: 8;	21399: 8;	21400: 0;	21401: 11;	21402: 10;	21403: 6;	21404: 11;	21405: 0;	21406: 5;	21407: 0;	21408: 0;	21409: 11;	21410: 6;	21411: 11;	21412: 6;	21413: 9;	21414: 6;	21415: 11;	21416: 6;	21417: 7;	21418: 0;	21419: 11;	
2024-11-27 04:30:30,367:INFO::Validation loss decreased (0.634381 --> 0.633925).  Saving model ...
2024-11-27 04:30:30,368:INFO::Epoch: 14
tensor([[0.2512, 0.2493, 0.2527, 0.2467],
        [0.2539, 0.2561, 0.2456, 0.2444],
        [0.2488, 0.2555, 0.2460, 0.2498],
        [0.2542, 0.2408, 0.2541, 0.2510],
        [0.2493, 0.2537, 0.2475, 0.2495],
        [0.2578, 0.2452, 0.2482, 0.2487],
        [0.2594, 0.2475, 0.2510, 0.2421],
        [0.2590, 0.2514, 0.2450, 0.2446],
        [0.2555, 0.2503, 0.2484, 0.2459],
        [0.2553, 0.2488, 0.2505, 0.2454],
        [0.2491, 0.2477, 0.2545, 0.2487],
        [0.2538, 0.2469, 0.2469, 0.2524]], device='cuda:0',
       grad_fn=<SoftmaxBackward0>)
2024-11-27 04:30:30,562:INFO::save_dir_name: simpleHGN_darts_C12_useDmon_coef0.4_Adam_gcn.ppnp.mean.one-hot_noTypeLinear_011_64_shared_ops_lr0.0005_wd0.0001_use5seeds_use_fixseeds_use_adam_patience-8_30
2024-11-27 04:30:30,563:INFO::Epoch 00014 | lr 0.00050 | Train_Loss 0.6183 | Train_Classification_Loss 0.6275 | Dmon_Loss -0.0231 | Val_Loss 0.6334 | Search Time(s) 0.1584 | Infer Time(s) 0.0371 | Time(s) 0.1955 
2024-11-27 04:30:33,142:INFO::cluster info:
0: -1;	1: -1;	2: -1;	3: -1;	4: -1;	5: -1;	6: -1;	7: -1;	8: -1;	9: -1;	10: -1;	11: -1;	12: -1;	13: -1;	14: -1;	15: -1;	16: -1;	17: -1;	18: -1;	19: -1;	20: -1;	21: -1;	22: -1;	23: -1;	24: -1;	25: -1;	26: -1;	27: -1;	28: -1;	29: -1;	30: -1;	31: -1;	32: -1;	33: -1;	34: -1;	35: -1;	36: -1;	37: -1;	38: -1
91: 3;	21392: 10;	21393: 5;	21394: 3;	21395: 10;	21396: 6;	21397: 4;	21398: 8;	21399: 10;	21400: 0;	21401: 2;	21402: 5;	21403: 9;	21404: 10;	21405: 11;	21406: 10;	21407: 8;	21408: 7;	21409: 10;	21410: 10;	21411: 10;	21412: 0;	21413: 2;	21414: 10;	21415: 4;	21416: 11;	21417: 4;	21418: 10;	21419: 11;	
2024-11-27 04:30:33,142:INFO::Validation loss decreased (0.633925 --> 0.633441).  Saving model ...
2024-11-27 04:30:33,143:INFO::Epoch: 15
tensor([[0.2521, 0.2494, 0.2524, 0.2461],
        [0.2540, 0.2560, 0.2457, 0.2444],
        [0.2492, 0.2556, 0.2458, 0.2495],
        [0.2547, 0.2404, 0.2546, 0.2503],
        [0.2497, 0.2536, 0.2474, 0.2494],
        [0.2600, 0.2441, 0.2479, 0.2480],
        [0.2604, 0.2469, 0.2512, 0.2416],
        [0.2597, 0.2511, 0.2451, 0.2441],
        [0.2559, 0.2503, 0.2483, 0.2455],
        [0.2553, 0.2493, 0.2505, 0.2450],
        [0.2487, 0.2472, 0.2551, 0.2491],
        [0.2542, 0.2465, 0.2470, 0.2522]], device='cuda:0',
       grad_fn=<SoftmaxBackward0>)
2024-11-27 04:30:33,337:INFO::save_dir_name: simpleHGN_darts_C12_useDmon_coef0.4_Adam_gcn.ppnp.mean.one-hot_noTypeLinear_011_64_shared_ops_lr0.0005_wd0.0001_use5seeds_use_fixseeds_use_adam_patience-8_30
2024-11-27 04:30:33,338:INFO::Epoch 00015 | lr 0.00050 | Train_Loss 0.6174 | Train_Classification_Loss 0.6267 | Dmon_Loss -0.0232 | Val_Loss 0.6329 | Search Time(s) 0.1580 | Infer Time(s) 0.0370 | Time(s) 0.1950 
2024-11-27 04:30:35,985:INFO::cluster info:
0: -1;	1: -1;	2: -1;	3: -1;	4: -1;	5: -1;	6: -1;	7: -1;	8: -1;	9: -1;	10: -1;	11: -1;	12: -1;	13: -1;	14: -1;	15: -1;	16: -1;	17: -1;	18: -1;	19: -1;	20: -1;	21: -1;	22: -1;	23: -1;	24: -1;	25: -1;	26: -1;	27: -1;	28: -1;	29: -1;	30: -1;	31: -1;	32: -1;	33: -1;	34: -1;	35: -1;	36: -1;	37: -1;	38: -1
390: 2;	21391: 11;	21392: 6;	21393: 0;	21394: 0;	21395: 2;	21396: 9;	21397: 3;	21398: 6;	21399: 9;	21400: 9;	21401: 2;	21402: 5;	21403: 11;	21404: 8;	21405: 0;	21406: 2;	21407: 5;	21408: 4;	21409: 2;	21410: 4;	21411: 6;	21412: 4;	21413: 6;	21414: 1;	21415: 3;	21416: 0;	21417: 4;	21418: 7;	21419: 2;	
2024-11-27 04:30:35,985:INFO::Validation loss decreased (0.633441 --> 0.632926).  Saving model ...
2024-11-27 04:30:35,986:INFO::Epoch: 16
tensor([[0.2528, 0.2491, 0.2523, 0.2458],
        [0.2541, 0.2559, 0.2457, 0.2443],
        [0.2496, 0.2555, 0.2456, 0.2493],
        [0.2557, 0.2398, 0.2550, 0.2495],
        [0.2502, 0.2534, 0.2468, 0.2496],
        [0.2624, 0.2423, 0.2481, 0.2472],
        [0.2612, 0.2461, 0.2515, 0.2412],
        [0.2611, 0.2502, 0.2449, 0.2438],
        [0.2564, 0.2505, 0.2479, 0.2452],
        [0.2561, 0.2488, 0.2509, 0.2443],
        [0.2499, 0.2459, 0.2553, 0.2489],
        [0.2550, 0.2459, 0.2472, 0.2518]], device='cuda:0',
       grad_fn=<SoftmaxBackward0>)
2024-11-27 04:30:36,177:INFO::save_dir_name: simpleHGN_darts_C12_useDmon_coef0.4_Adam_gcn.ppnp.mean.one-hot_noTypeLinear_011_64_shared_ops_lr0.0005_wd0.0001_use5seeds_use_fixseeds_use_adam_patience-8_30
2024-11-27 04:30:36,178:INFO::Epoch 00016 | lr 0.00050 | Train_Loss 0.6171 | Train_Classification_Loss 0.6264 | Dmon_Loss -0.0233 | Val_Loss 0.6324 | Search Time(s) 0.1564 | Infer Time(s) 0.0358 | Time(s) 0.1922 
2024-11-27 04:30:38,734:INFO::cluster info:
0: -1;	1: -1;	2: -1;	3: -1;	4: -1;	5: -1;	6: -1;	7: -1;	8: -1;	9: -1;	10: -1;	11: -1;	12: -1;	13: -1;	14: -1;	15: -1;	16: -1;	17: -1;	18: -1;	19: -1;	20: -1;	21: -1;	22: -1;	23: -1;	24: -1;	25: -1;	26: -1;	27: -1;	28: -1;	29: -1;	30: -1;	31: -1;	32: -1;	33: -1;	34: -1;	35: -1;	36: -1;	37: -1;	38: -1
90: 2;	21391: 2;	21392: 5;	21393: 5;	21394: 6;	21395: 6;	21396: 3;	21397: 4;	21398: 7;	21399: 7;	21400: 2;	21401: 4;	21402: 3;	21403: 2;	21404: 9;	21405: 8;	21406: 0;	21407: 5;	21408: 0;	21409: 2;	21410: 5;	21411: 5;	21412: 4;	21413: 11;	21414: 6;	21415: 10;	21416: 1;	21417: 0;	21418: 11;	21419: 5;	
2024-11-27 04:30:38,734:INFO::Validation loss decreased (0.632926 --> 0.632384).  Saving model ...
2024-11-27 04:30:38,736:INFO::Epoch: 17
tensor([[0.2535, 0.2488, 0.2523, 0.2454],
        [0.2544, 0.2558, 0.2456, 0.2441],
        [0.2498, 0.2554, 0.2453, 0.2495],
        [0.2563, 0.2390, 0.2559, 0.2488],
        [0.2508, 0.2529, 0.2469, 0.2494],
        [0.2643, 0.2412, 0.2478, 0.2467],
        [0.2616, 0.2453, 0.2519, 0.2412],
        [0.2622, 0.2493, 0.2455, 0.2429],
        [0.2568, 0.2503, 0.2476, 0.2453],
        [0.2567, 0.2481, 0.2513, 0.2438],
        [0.2512, 0.2450, 0.2557, 0.2481],
        [0.2564, 0.2456, 0.2470, 0.2510]], device='cuda:0',
       grad_fn=<SoftmaxBackward0>)
2024-11-27 04:30:38,927:INFO::save_dir_name: simpleHGN_darts_C12_useDmon_coef0.4_Adam_gcn.ppnp.mean.one-hot_noTypeLinear_011_64_shared_ops_lr0.0005_wd0.0001_use5seeds_use_fixseeds_use_adam_patience-8_30
2024-11-27 04:30:38,928:INFO::Epoch 00017 | lr 0.00050 | Train_Loss 0.6166 | Train_Classification_Loss 0.6259 | Dmon_Loss -0.0234 | Val_Loss 0.6318 | Search Time(s) 0.1563 | Infer Time(s) 0.0362 | Time(s) 0.1926 
2024-11-27 04:30:41,539:INFO::cluster info:
0: -1;	1: -1;	2: -1;	3: -1;	4: -1;	5: -1;	6: -1;	7: -1;	8: -1;	9: -1;	10: -1;	11: -1;	12: -1;	13: -1;	14: -1;	15: -1;	16: -1;	17: -1;	18: -1;	19: -1;	20: -1;	21: -1;	22: -1;	23: -1;	24: -1;	25: -1;	26: -1;	27: -1;	28: -1;	29: -1;	30: -1;	31: -1;	32: -1;	33: -1;	34: -1;	35: -1;	36: -1;	37: -1;	38: -1
;	21391: 2;	21392: 6;	21393: 10;	21394: 6;	21395: 6;	21396: 3;	21397: 10;	21398: 5;	21399: 5;	21400: 4;	21401: 11;	21402: 7;	21403: 6;	21404: 10;	21405: 5;	21406: 3;	21407: 0;	21408: 9;	21409: 10;	21410: 5;	21411: 5;	21412: 10;	21413: 9;	21414: 10;	21415: 9;	21416: 2;	21417: 10;	21418: 9;	21419: 9;	
2024-11-27 04:30:41,539:INFO::Validation loss decreased (0.632384 --> 0.631799).  Saving model ...
2024-11-27 04:30:41,541:INFO::Epoch: 18
tensor([[0.2541, 0.2488, 0.2520, 0.2451],
        [0.2546, 0.2558, 0.2456, 0.2440],
        [0.2503, 0.2553, 0.2450, 0.2494],
        [0.2566, 0.2380, 0.2577, 0.2477],
        [0.2517, 0.2523, 0.2474, 0.2487],
        [0.2666, 0.2403, 0.2477, 0.2454],
        [0.2623, 0.2444, 0.2523, 0.2411],
        [0.2632, 0.2490, 0.2460, 0.2418],
        [0.2569, 0.2506, 0.2474, 0.2450],
        [0.2579, 0.2472, 0.2519, 0.2430],
        [0.2523, 0.2446, 0.2555, 0.2476],
        [0.2577, 0.2453, 0.2466, 0.2504]], device='cuda:0',
       grad_fn=<SoftmaxBackward0>)
2024-11-27 04:30:41,732:INFO::save_dir_name: simpleHGN_darts_C12_useDmon_coef0.4_Adam_gcn.ppnp.mean.one-hot_noTypeLinear_011_64_shared_ops_lr0.0005_wd0.0001_use5seeds_use_fixseeds_use_adam_patience-8_30
2024-11-27 04:30:41,733:INFO::Epoch 00018 | lr 0.00050 | Train_Loss 0.6150 | Train_Classification_Loss 0.6244 | Dmon_Loss -0.0235 | Val_Loss 0.6312 | Search Time(s) 0.1564 | Infer Time(s) 0.0362 | Time(s) 0.1927 
2024-11-27 04:30:44,288:INFO::cluster info:
0: -1;	1: -1;	2: -1;	3: -1;	4: -1;	5: -1;	6: -1;	7: -1;	8: -1;	9: -1;	10: -1;	11: -1;	12: -1;	13: -1;	14: -1;	15: -1;	16: -1;	17: -1;	18: -1;	19: -1;	20: -1;	21: -1;	22: -1;	23: -1;	24: -1;	25: -1;	26: -1;	27: -1;	28: -1;	29: -1;	30: -1;	31: -1;	32: -1;	33: -1;	34: -1;	35: -1;	36: -1;	37: -1;	38: -1
;	21391: 6;	21392: 10;	21393: 7;	21394: 4;	21395: 4;	21396: 6;	21397: 4;	21398: 5;	21399: 8;	21400: 6;	21401: 11;	21402: 9;	21403: 3;	21404: 11;	21405: 7;	21406: 11;	21407: 0;	21408: 7;	21409: 10;	21410: 3;	21411: 9;	21412: 10;	21413: 6;	21414: 7;	21415: 4;	21416: 9;	21417: 0;	21418: 11;	21419: 11;	
2024-11-27 04:30:44,289:INFO::Validation loss decreased (0.631799 --> 0.631165).  Saving model ...
2024-11-27 04:30:44,290:INFO::Epoch: 19
tensor([[0.2547, 0.2485, 0.2516, 0.2452],
        [0.2548, 0.2558, 0.2456, 0.2439],
        [0.2513, 0.2552, 0.2448, 0.2486],
        [0.2572, 0.2370, 0.2588, 0.2471],
        [0.2522, 0.2519, 0.2478, 0.2481],
        [0.2682, 0.2394, 0.2475, 0.2449],
        [0.2635, 0.2433, 0.2525, 0.2407],
        [0.2644, 0.2480, 0.2462, 0.2413],
        [0.2578, 0.2509, 0.2468, 0.2446],
        [0.2596, 0.2461, 0.2522, 0.2420],
        [0.2534, 0.2438, 0.2556, 0.2473],
        [0.2586, 0.2447, 0.2461, 0.2505]], device='cuda:0',
       grad_fn=<SoftmaxBackward0>)
2024-11-27 04:30:44,483:INFO::save_dir_name: simpleHGN_darts_C12_useDmon_coef0.4_Adam_gcn.ppnp.mean.one-hot_noTypeLinear_011_64_shared_ops_lr0.0005_wd0.0001_use5seeds_use_fixseeds_use_adam_patience-8_30
2024-11-27 04:30:44,484:INFO::Epoch 00019 | lr 0.00050 | Train_Loss 0.6149 | Train_Classification_Loss 0.6244 | Dmon_Loss -0.0237 | Val_Loss 0.6305 | Search Time(s) 0.1575 | Infer Time(s) 0.0369 | Time(s) 0.1944 
2024-11-27 04:30:47,018:INFO::cluster info:
0: -1;	1: -1;	2: -1;	3: -1;	4: -1;	5: -1;	6: -1;	7: -1;	8: -1;	9: -1;	10: -1;	11: -1;	12: -1;	13: -1;	14: -1;	15: -1;	16: -1;	17: -1;	18: -1;	19: -1;	20: -1;	21: -1;	22: -1;	23: -1;	24: -1;	25: -1;	26: -1;	27: -1;	28: -1;	29: -1;	30: -1;	31: -1;	32: -1;	33: -1;	34: -1;	35: -1;	36: -1;	37: -1;	38: -1
9;	21391: 6;	21392: 8;	21393: 11;	21394: 0;	21395: 10;	21396: 2;	21397: 10;	21398: 4;	21399: 9;	21400: 0;	21401: 4;	21402: 11;	21403: 2;	21404: 6;	21405: 10;	21406: 1;	21407: 9;	21408: 2;	21409: 11;	21410: 4;	21411: 8;	21412: 5;	21413: 6;	21414: 10;	21415: 5;	21416: 2;	21417: 4;	21418: 2;	21419: 9;	
2024-11-27 04:30:47,019:INFO::Validation loss decreased (0.631165 --> 0.630483).  Saving model ...
2024-11-27 04:30:47,021:INFO::Epoch: 20
tensor([[0.2558, 0.2476, 0.2516, 0.2450],
        [0.2549, 0.2557, 0.2455, 0.2439],
        [0.2530, 0.2552, 0.2443, 0.2476],
        [0.2584, 0.2354, 0.2600, 0.2463],
        [0.2539, 0.2514, 0.2482, 0.2464],
        [0.2694, 0.2384, 0.2475, 0.2447],
        [0.2647, 0.2425, 0.2526, 0.2401],
        [0.2654, 0.2470, 0.2466, 0.2410],
        [0.2585, 0.2504, 0.2466, 0.2445],
        [0.2615, 0.2451, 0.2523, 0.2411],
        [0.2549, 0.2428, 0.2558, 0.2466],
        [0.2597, 0.2438, 0.2461, 0.2504]], device='cuda:0',
       grad_fn=<SoftmaxBackward0>)
2024-11-27 04:30:47,215:INFO::save_dir_name: simpleHGN_darts_C12_useDmon_coef0.4_Adam_gcn.ppnp.mean.one-hot_noTypeLinear_011_64_shared_ops_lr0.0005_wd0.0001_use5seeds_use_fixseeds_use_adam_patience-8_30
2024-11-27 04:30:47,217:INFO::Epoch 00020 | lr 0.00050 | Train_Loss 0.6140 | Train_Classification_Loss 0.6235 | Dmon_Loss -0.0239 | Val_Loss 0.6297 | Search Time(s) 0.1593 | Infer Time(s) 0.0369 | Time(s) 0.1962 
2024-11-27 04:30:49,791:INFO::cluster info:
0: -1;	1: -1;	2: -1;	3: -1;	4: -1;	5: -1;	6: -1;	7: -1;	8: -1;	9: -1;	10: -1;	11: -1;	12: -1;	13: -1;	14: -1;	15: -1;	16: -1;	17: -1;	18: -1;	19: -1;	20: -1;	21: -1;	22: -1;	23: -1;	24: -1;	25: -1;	26: -1;	27: -1;	28: -1;	29: -1;	30: -1;	31: -1;	32: -1;	33: -1;	34: -1;	35: -1;	36: -1;	37: -1;	38: -1
;	21391: 6;	21392: 6;	21393: 1;	21394: 0;	21395: 6;	21396: 6;	21397: 11;	21398: 10;	21399: 10;	21400: 0;	21401: 11;	21402: 2;	21403: 1;	21404: 3;	21405: 11;	21406: 6;	21407: 9;	21408: 6;	21409: 6;	21410: 11;	21411: 11;	21412: 3;	21413: 10;	21414: 1;	21415: 3;	21416: 9;	21417: 8;	21418: 8;	21419: 2;	
2024-11-27 04:30:49,792:INFO::Validation loss decreased (0.630483 --> 0.629740).  Saving model ...
2024-11-27 04:30:49,793:INFO::Epoch: 21
tensor([[0.2575, 0.2472, 0.2516, 0.2437],
        [0.2560, 0.2555, 0.2454, 0.2432],
        [0.2547, 0.2555, 0.2441, 0.2457],
        [0.2596, 0.2338, 0.2615, 0.2450],
        [0.2546, 0.2510, 0.2490, 0.2454],
        [0.2702, 0.2379, 0.2472, 0.2446],
        [0.2659, 0.2416, 0.2533, 0.2391],
        [0.2664, 0.2461, 0.2469, 0.2406],
        [0.2593, 0.2501, 0.2465, 0.2441],
        [0.2628, 0.2444, 0.2525, 0.2403],
        [0.2564, 0.2423, 0.2553, 0.2460],
        [0.2607, 0.2429, 0.2461, 0.2503]], device='cuda:0',
       grad_fn=<SoftmaxBackward0>)
2024-11-27 04:30:49,987:INFO::save_dir_name: simpleHGN_darts_C12_useDmon_coef0.4_Adam_gcn.ppnp.mean.one-hot_noTypeLinear_011_64_shared_ops_lr0.0005_wd0.0001_use5seeds_use_fixseeds_use_adam_patience-8_30
