2023-10-28 15:45:55,970:INFO::=============== Search Args:
Namespace(dataset='DBLP', feats_type=6, gnn_model='gat', valid_attributed_type=1, cluster_num=10, cluster_eps=1e-05, att_comp_dim=64, hidden_dim=64, num_heads=8, attn_vec_dim=128, search_epoch=350, retrain_epoch=500, inner_epoch=1, patience_search=30, patience_retrain=30, batch_size=8, batch_size_test=32, momentum=0.9, lr=0.0005, lr_rate_min=3e-05, num_layers=2, dropout=0.5, weight_decay=0.0001, slope=0.05, grad_clip=5, network_momentum=0.9, arch_learning_rate=0.005, arch_weight_decay=1e-05, repeat=5, cluster_epoch=4, save_postfix='DBLP', feats_opt='1011', cuda=False, unrolled=False, useSGD=False, useTypeLinear=False, l2norm=False, cluster_norm=False, usedropout=False, is_unrolled='False', is_use_type_linear='False', is_use_SGD='False', is_use_dropout='False', time_line='2023-10-28-15-45-55', edge_feats=64, warmup_epoch=0, clusterupdate_round=1, searcher_name='darts', rnn_type='RotatE0', neighbor_samples=100, use_minibatch=False, shared_ops=False, e_greedy=0, usebn=False, seed=123, use_5seeds=False, no_use_fixseeds=False, use_dmon=False, collapse_regularization=0.1, dmon_loss_alpha=0.3, tau=1.0, schedule_step=350, schedule_step_retrain=500, use_norm=False, use_adamw=False, use_skip=False, cur_repeat=0, last_hidden_dim=512, logger=<Logger log_output (INFO)>)
2023-10-28 15:46:13,003:INFO::node_type_num: 4
2023-10-28 15:46:17,314:INFO::=============== Prepare basic data stage finish, use 21.34322738647461 time.
2023-10-28 15:46:34,307:INFO::save_dir_name: gat_darts_C10_useEM_coef0.3_Adam_gcn.ppnp.mean.one-hot_noTypeLinear_014_64_no_shared_ops_lr0.0005_wd0.0001_useSeed123_use_fixseeds_use_adam_patience-30_30
2023-10-28 15:46:35,821:INFO::Epoch: 0
tensor([[0.2497, 0.2500, 0.2502, 0.2501],
        [0.2504, 0.2500, 0.2495, 0.2501],
        [0.2498, 0.2500, 0.2501, 0.2501],
        [0.2502, 0.2502, 0.2501, 0.2495],
        [0.2499, 0.2498, 0.2503, 0.2500],
        [0.2497, 0.2500, 0.2500, 0.2503],
        [0.2499, 0.2498, 0.2499, 0.2504],
        [0.2498, 0.2499, 0.2499, 0.2504],
        [0.2500, 0.2502, 0.2501, 0.2497],
        [0.2505, 0.2499, 0.2497, 0.2499]], device='cuda:0',
       grad_fn=<SoftmaxBackward0>)
2023-10-28 15:46:51,566:INFO::save_dir_name: gat_darts_C10_useEM_coef0.3_Adam_gcn.ppnp.mean.one-hot_noTypeLinear_014_64_no_shared_ops_lr0.0005_wd0.0001_useSeed123_use_fixseeds_use_adam_patience-30_30
2023-10-28 15:46:51,605:INFO::Epoch 00000 | lr 0.00050 | Train_Loss 1.3866 | Val_Loss 1.3664 | Search Time(s) 15.7362 | Infer Time(s) 0.4924 | Time(s) 16.2286 
2023-10-28 15:46:56,054:INFO::Epoch: 0 Cluster_epoch: 1 gap_avg: 0.03285946383216554
2023-10-28 15:46:57,123:INFO::Epoch: 0 Cluster_epoch: 2 gap_avg: 0.00630884875341677
2023-10-28 15:46:58,179:INFO::Epoch: 0 Cluster_epoch: 3 gap_avg: 0.0024584823773119357
2023-10-28 15:46:58,679:INFO::cluster info:
0: 7;	1: 8;	2: 7;	3: 8;	4: 8;	5: 3;	6: 5;	7: 8;	8: 2;	9: 0;	10: 3;	11: 3;	12: 0;	13: 7;	14: 8;	15: 0;	16: 6;	17: 1;	18: 7;	19: 6;	20: 3;	21: 7;	22: 7;	23: 8;	24: 8;	25: 2;	26: 4;	27: 0;	28: 9;	29: 6;	30: 8;	31: 6;	32: 4;	33: 5;	34: 1;	35: 9;	36: 8;	37: 1;	38: 1;	39: 7;	40: 1;	41: 1;	42: 8;	43: 6;	44
26098: 0;	26099: 8;	26100: 0;	26101: 0;	26102: 9;	26103: 7;	26104: 0;	26105: 1;	26106: 0;	26107: 4;	26108: 6;	26109: 7;	26110: 7;	26111: 7;	26112: 8;	26113: 3;	26114: 1;	26115: 8;	26116: 8;	26117: 6;	26118: 8;	26119: 7;	26120: 2;	26121: 8;	26122: 7;	26123: 2;	26124: 5;	26125: 1;	26126: 7;	26127: 0;	
2023-10-28 15:46:59,734:INFO::Epoch: 1
tensor([[0.2490, 0.2494, 0.2521, 0.2495],
        [0.2497, 0.2519, 0.2489, 0.2494],
        [0.2485, 0.2487, 0.2514, 0.2514],
        [0.2514, 0.2490, 0.2513, 0.2483],
        [0.2512, 0.2485, 0.2490, 0.2513],
        [0.2485, 0.2487, 0.2512, 0.2516],
        [0.2505, 0.2480, 0.2505, 0.2511],
        [0.2492, 0.2518, 0.2493, 0.2497],
        [0.2519, 0.2496, 0.2495, 0.2491],
        [0.2486, 0.2505, 0.2503, 0.2505]], device='cuda:0',
       grad_fn=<SoftmaxBackward0>)
2023-10-28 15:47:04,230:INFO::save_dir_name: gat_darts_C10_useEM_coef0.3_Adam_gcn.ppnp.mean.one-hot_noTypeLinear_014_64_no_shared_ops_lr0.0005_wd0.0001_useSeed123_use_fixseeds_use_adam_patience-30_30
2023-10-28 15:47:04,262:INFO::Epoch 00001 | lr 0.00050 | Train_Loss 1.3725 | Val_Loss 1.3338 | Search Time(s) 4.8772 | Infer Time(s) 0.5696 | Time(s) 5.4468 
2023-10-28 15:47:04,786:INFO::Epoch: 1 Cluster_epoch: 0 gap_avg: 0.08465173918533839
2023-10-28 15:47:05,796:INFO::Epoch: 1 Cluster_epoch: 1 gap_avg: 0.0171107191998907
2023-10-28 15:47:08,044:INFO::Epoch: 1 Cluster_epoch: 2 gap_avg: 0.002193166063920203
2023-10-28 15:47:09,023:INFO::Epoch: 1 Cluster_epoch: 3 gap_avg: 0.0010531802373627466
2023-10-28 15:47:09,572:INFO::cluster info:
0: 3;	1: 7;	2: 2;	3: 8;	4: 8;	5: 7;	6: 6;	7: 8;	8: 8;	9: 4;	10: 8;	11: 3;	12: 7;	13: 7;	14: 8;	15: 1;	16: 8;	17: 1;	18: 0;	19: 6;	20: 8;	21: 9;	22: 3;	23: 8;	24: 8;	25: 7;	26: 6;	27: 8;	28: 7;	29: 6;	30: 8;	31: 3;	32: 8;	33: 1;	34: 1;	35: 2;	36: 3;	37: 7;	38: 1;	39: 0;	40: 1;	41: 1;	42: 8;	43: 6;	44
26098: 8;	26099: 8;	26100: 4;	26101: 4;	26102: 4;	26103: 9;	26104: 4;	26105: 0;	26106: 0;	26107: 4;	26108: 6;	26109: 7;	26110: 7;	26111: 7;	26112: 8;	26113: 1;	26114: 1;	26115: 8;	26116: 8;	26117: 6;	26118: 8;	26119: 7;	26120: 7;	26121: 8;	26122: 7;	26123: 2;	26124: 5;	26125: 1;	26126: 7;	26127: 7;	
2023-10-28 15:47:09,573:INFO::Validation loss decreased (inf --> 1.333804).  Saving model ...
2023-10-28 15:47:09,578:INFO::Epoch: 2
tensor([[0.2480, 0.2504, 0.2533, 0.2483],
        [0.2506, 0.2532, 0.2478, 0.2484],
        [0.2486, 0.2483, 0.2511, 0.2521],
        [0.2506, 0.2503, 0.2515, 0.2476],
        [0.2521, 0.2491, 0.2478, 0.2509],
        [0.2472, 0.2474, 0.2525, 0.2529],
        [0.2493, 0.2477, 0.2515, 0.2514],
        [0.2480, 0.2511, 0.2500, 0.2509],
        [0.2513, 0.2484, 0.2503, 0.2500],
        [0.2482, 0.2502, 0.2501, 0.2515]], device='cuda:0',
       grad_fn=<SoftmaxBackward0>)
2023-10-28 15:47:11,944:INFO::save_dir_name: gat_darts_C10_useEM_coef0.3_Adam_gcn.ppnp.mean.one-hot_noTypeLinear_014_64_no_shared_ops_lr0.0005_wd0.0001_useSeed123_use_fixseeds_use_adam_patience-30_30
2023-10-28 15:47:11,947:INFO::Epoch 00002 | lr 0.00050 | Train_Loss 1.3451 | Val_Loss 1.3002 | Search Time(s) 1.8552 | Infer Time(s) 0.5156 | Time(s) 2.3708 
2023-10-28 15:47:12,474:INFO::Epoch: 2 Cluster_epoch: 0 gap_avg: 0.06346439021254607
2023-10-28 15:47:13,438:INFO::Epoch: 2 Cluster_epoch: 1 gap_avg: 0.00992916356780273
2023-10-28 15:47:14,426:INFO::Epoch: 2 Cluster_epoch: 2 gap_avg: 0.0014206637462995395
2023-10-28 15:47:15,430:INFO::Epoch: 2 Cluster_epoch: 3 gap_avg: 0.000713631462298053
2023-10-28 15:47:15,915:INFO::cluster info:
0: 7;	1: 7;	2: 7;	3: 7;	4: 8;	5: 7;	6: 0;	7: 8;	8: 8;	9: 8;	10: 7;	11: 3;	12: 7;	13: 7;	14: 8;	15: 9;	16: 8;	17: 1;	18: 7;	19: 6;	20: 7;	21: 2;	22: 3;	23: 8;	24: 0;	25: 7;	26: 6;	27: 8;	28: 7;	29: 6;	30: 8;	31: 3;	32: 7;	33: 1;	34: 1;	35: 2;	36: 7;	37: 7;	38: 1;	39: 0;	40: 1;	41: 1;	42: 8;	43: 6;	44
26098: 7;	26099: 8;	26100: 4;	26101: 3;	26102: 3;	26103: 9;	26104: 4;	26105: 5;	26106: 8;	26107: 4;	26108: 6;	26109: 7;	26110: 7;	26111: 7;	26112: 8;	26113: 1;	26114: 1;	26115: 8;	26116: 8;	26117: 6;	26118: 8;	26119: 7;	26120: 7;	26121: 8;	26122: 7;	26123: 2;	26124: 5;	26125: 1;	26126: 7;	26127: 7;	
2023-10-28 15:47:15,916:INFO::Validation loss decreased (1.333804 --> 1.300241).  Saving model ...
2023-10-28 15:47:15,920:INFO::Epoch: 3
tensor([[0.2471, 0.2505, 0.2550, 0.2473],
        [0.2519, 0.2547, 0.2464, 0.2470],
        [0.2496, 0.2473, 0.2512, 0.2519],
        [0.2514, 0.2493, 0.2520, 0.2474],
        [0.2525, 0.2491, 0.2486, 0.2498],
        [0.2466, 0.2468, 0.2530, 0.2535],
        [0.2484, 0.2481, 0.2525, 0.2510],
        [0.2464, 0.2515, 0.2503, 0.2518],
        [0.2506, 0.2492, 0.2506, 0.2496],
        [0.2479, 0.2509, 0.2496, 0.2516]], device='cuda:0',
       grad_fn=<SoftmaxBackward0>)
2023-10-28 15:47:18,309:INFO::save_dir_name: gat_darts_C10_useEM_coef0.3_Adam_gcn.ppnp.mean.one-hot_noTypeLinear_014_64_no_shared_ops_lr0.0005_wd0.0001_useSeed123_use_fixseeds_use_adam_patience-30_30
2023-10-28 15:47:18,322:INFO::Epoch 00003 | lr 0.00050 | Train_Loss 1.3098 | Val_Loss 1.2697 | Search Time(s) 1.9047 | Infer Time(s) 0.4879 | Time(s) 2.3926 
2023-10-28 15:47:18,933:INFO::Epoch: 3 Cluster_epoch: 0 gap_avg: 0.08511955321700604
2023-10-28 15:47:19,946:INFO::Epoch: 3 Cluster_epoch: 1 gap_avg: 0.00970536439762955
2023-10-28 15:47:21,121:INFO::Epoch: 3 Cluster_epoch: 2 gap_avg: 0.0013874250685762379
2023-10-28 15:47:22,265:INFO::Epoch: 3 Cluster_epoch: 3 gap_avg: 0.0005606711297660002
2023-10-28 15:47:22,760:INFO::cluster info:
0: 6;	1: 7;	2: 2;	3: 3;	4: 8;	5: 7;	6: 6;	7: 8;	8: 3;	9: 8;	10: 7;	11: 3;	12: 7;	13: 7;	14: 8;	15: 1;	16: 8;	17: 1;	18: 3;	19: 6;	20: 7;	21: 2;	22: 3;	23: 8;	24: 8;	25: 3;	26: 3;	27: 8;	28: 7;	29: 6;	30: 4;	31: 3;	32: 0;	33: 1;	34: 1;	35: 4;	36: 7;	37: 7;	38: 1;	39: 0;	40: 4;	41: 1;	42: 8;	43: 6;	44
26098: 0;	26099: 8;	26100: 0;	26101: 0;	26102: 0;	26103: 0;	26104: 4;	26105: 9;	26106: 4;	26107: 8;	26108: 6;	26109: 7;	26110: 7;	26111: 7;	26112: 8;	26113: 1;	26114: 1;	26115: 8;	26116: 8;	26117: 6;	26118: 8;	26119: 7;	26120: 7;	26121: 8;	26122: 7;	26123: 2;	26124: 5;	26125: 1;	26126: 7;	26127: 7;	
2023-10-28 15:47:22,761:INFO::Validation loss decreased (1.300241 --> 1.269687).  Saving model ...
2023-10-28 15:47:22,768:INFO::Epoch: 4
tensor([[0.2459, 0.2514, 0.2560, 0.2468],
        [0.2530, 0.2562, 0.2452, 0.2456],
        [0.2500, 0.2476, 0.2508, 0.2516],
        [0.2509, 0.2492, 0.2529, 0.2469],
        [0.2521, 0.2488, 0.2500, 0.2491],
        [0.2455, 0.2474, 0.2534, 0.2537],
        [0.2478, 0.2493, 0.2522, 0.2508],
        [0.2448, 0.2524, 0.2505, 0.2523],
        [0.2501, 0.2503, 0.2500, 0.2496],
        [0.2475, 0.2519, 0.2490, 0.2516]], device='cuda:0',
       grad_fn=<SoftmaxBackward0>)
2023-10-28 15:47:25,320:INFO::save_dir_name: gat_darts_C10_useEM_coef0.3_Adam_gcn.ppnp.mean.one-hot_noTypeLinear_014_64_no_shared_ops_lr0.0005_wd0.0001_useSeed123_use_fixseeds_use_adam_patience-30_30
2023-10-28 15:47:25,323:INFO::Epoch 00004 | lr 0.00050 | Train_Loss 1.2643 | Val_Loss 1.2385 | Search Time(s) 2.0014 | Infer Time(s) 0.5570 | Time(s) 2.5585 
2023-10-28 15:47:26,046:INFO::Epoch: 4 Cluster_epoch: 0 gap_avg: 0.06438512907020316
2023-10-28 15:47:27,042:INFO::Epoch: 4 Cluster_epoch: 1 gap_avg: 0.009146863803021332
2023-10-28 15:47:28,030:INFO::Epoch: 4 Cluster_epoch: 2 gap_avg: 0.0013683943644581694
2023-10-28 15:47:29,083:INFO::Epoch: 4 Cluster_epoch: 3 gap_avg: 0.0005707310821093173
2023-10-28 15:47:29,576:INFO::cluster info:
0: 3;	1: 7;	2: 2;	3: 3;	4: 8;	5: 3;	6: 4;	7: 8;	8: 8;	9: 8;	10: 6;	11: 6;	12: 7;	13: 7;	14: 7;	15: 1;	16: 8;	17: 1;	18: 3;	19: 6;	20: 7;	21: 2;	22: 6;	23: 7;	24: 8;	25: 0;	26: 3;	27: 8;	28: 7;	29: 6;	30: 7;	31: 3;	32: 0;	33: 4;	34: 1;	35: 4;	36: 7;	37: 4;	38: 1;	39: 8;	40: 5;	41: 1;	42: 8;	43: 6;	44
26098: 7;	26099: 0;	26100: 0;	26101: 0;	26102: 4;	26103: 9;	26104: 4;	26105: 4;	26106: 4;	26107: 8;	26108: 6;	26109: 7;	26110: 7;	26111: 7;	26112: 8;	26113: 1;	26114: 1;	26115: 8;	26116: 8;	26117: 6;	26118: 8;	26119: 7;	26120: 7;	26121: 8;	26122: 7;	26123: 2;	26124: 5;	26125: 1;	26126: 7;	26127: 7;	
2023-10-28 15:47:29,640:INFO::Validation loss decreased (1.269687 --> 1.238485).  Saving model ...
2023-10-28 15:47:29,651:INFO::Epoch: 5
tensor([[0.2454, 0.2507, 0.2576, 0.2462],
        [0.2536, 0.2582, 0.2439, 0.2442],
        [0.2510, 0.2490, 0.2496, 0.2505],
        [0.2497, 0.2501, 0.2546, 0.2456],
        [0.2519, 0.2481, 0.2511, 0.2489],
        [0.2453, 0.2468, 0.2539, 0.2541],
        [0.2482, 0.2509, 0.2512, 0.2497],
        [0.2435, 0.2525, 0.2504, 0.2535],
        [0.2501, 0.2518, 0.2490, 0.2491],
        [0.2475, 0.2516, 0.2492, 0.2517]], device='cuda:0',
       grad_fn=<SoftmaxBackward0>)
2023-10-28 15:47:32,073:INFO::save_dir_name: gat_darts_C10_useEM_coef0.3_Adam_gcn.ppnp.mean.one-hot_noTypeLinear_014_64_no_shared_ops_lr0.0005_wd0.0001_useSeed123_use_fixseeds_use_adam_patience-30_30
2023-10-28 15:47:32,076:INFO::Epoch 00005 | lr 0.00050 | Train_Loss 1.2403 | Val_Loss 1.2047 | Search Time(s) 1.9218 | Infer Time(s) 0.5112 | Time(s) 2.4330 
2023-10-28 15:47:32,620:INFO::Epoch: 5 Cluster_epoch: 0 gap_avg: 0.07771201559468986
2023-10-28 15:47:33,600:INFO::Epoch: 5 Cluster_epoch: 1 gap_avg: 0.009661846752410068
2023-10-28 15:47:34,568:INFO::Epoch: 5 Cluster_epoch: 2 gap_avg: 0.001476179853449402
2023-10-28 15:47:35,568:INFO::Epoch: 5 Cluster_epoch: 3 gap_avg: 0.0007365091998468701
2023-10-28 15:47:36,026:INFO::cluster info:
0: 4;	1: 7;	2: 0;	3: 3;	4: 8;	5: 7;	6: 0;	7: 8;	8: 8;	9: 4;	10: 3;	11: 3;	12: 7;	13: 7;	14: 7;	15: 5;	16: 8;	17: 1;	18: 7;	19: 6;	20: 8;	21: 2;	22: 3;	23: 7;	24: 8;	25: 8;	26: 4;	27: 8;	28: 7;	29: 6;	30: 4;	31: 6;	32: 0;	33: 1;	34: 1;	35: 9;	36: 7;	37: 8;	38: 1;	39: 8;	40: 4;	41: 1;	42: 8;	43: 6;	44
26098: 8;	26099: 8;	26100: 0;	26101: 0;	26102: 8;	26103: 0;	26104: 3;	26105: 4;	26106: 8;	26107: 8;	26108: 3;	26109: 7;	26110: 7;	26111: 7;	26112: 8;	26113: 1;	26114: 1;	26115: 8;	26116: 8;	26117: 6;	26118: 7;	26119: 7;	26120: 7;	26121: 9;	26122: 7;	26123: 2;	26124: 5;	26125: 1;	26126: 7;	26127: 7;	
2023-10-28 15:47:36,027:INFO::Validation loss decreased (1.238485 --> 1.204705).  Saving model ...
2023-10-28 15:47:36,031:INFO::Epoch: 6
tensor([[0.2453, 0.2496, 0.2586, 0.2464],
        [0.2533, 0.2606, 0.2429, 0.2432],
        [0.2523, 0.2504, 0.2483, 0.2490],
        [0.2482, 0.2515, 0.2561, 0.2443],
        [0.2520, 0.2475, 0.2516, 0.2490],
        [0.2450, 0.2470, 0.2545, 0.2535],
        [0.2486, 0.2529, 0.2500, 0.2485],
        [0.2418, 0.2534, 0.2507, 0.2541],
        [0.2503, 0.2537, 0.2479, 0.2481],
        [0.2470, 0.2503, 0.2509, 0.2519]], device='cuda:0',
       grad_fn=<SoftmaxBackward0>)
2023-10-28 15:47:38,422:INFO::save_dir_name: gat_darts_C10_useEM_coef0.3_Adam_gcn.ppnp.mean.one-hot_noTypeLinear_014_64_no_shared_ops_lr0.0005_wd0.0001_useSeed123_use_fixseeds_use_adam_patience-30_30
2023-10-28 15:47:38,424:INFO::Epoch 00006 | lr 0.00050 | Train_Loss 1.2232 | Val_Loss 1.1820 | Search Time(s) 1.8987 | Infer Time(s) 0.4955 | Time(s) 2.3942 
2023-10-28 15:47:38,923:INFO::Epoch: 6 Cluster_epoch: 0 gap_avg: 0.10532904412544201
2023-10-28 15:47:39,992:INFO::Epoch: 6 Cluster_epoch: 1 gap_avg: 0.011630242388737255
2023-10-28 15:47:40,995:INFO::Epoch: 6 Cluster_epoch: 2 gap_avg: 0.001267683919500013
2023-10-28 15:47:42,028:INFO::Epoch: 6 Cluster_epoch: 3 gap_avg: 0.00041627615862198104
2023-10-28 15:47:42,526:INFO::cluster info:
0: 4;	1: 7;	2: 2;	3: 0;	4: 7;	5: 7;	6: 0;	7: 7;	8: 8;	9: 4;	10: 0;	11: 3;	12: 2;	13: 7;	14: 7;	15: 1;	16: 8;	17: 1;	18: 7;	19: 6;	20: 7;	21: 2;	22: 0;	23: 7;	24: 7;	25: 7;	26: 8;	27: 8;	28: 7;	29: 6;	30: 9;	31: 6;	32: 7;	33: 1;	34: 1;	35: 2;	36: 7;	37: 1;	38: 1;	39: 0;	40: 5;	41: 1;	42: 7;	43: 6;	44
26098: 7;	26099: 8;	26100: 8;	26101: 0;	26102: 8;	26103: 7;	26104: 0;	26105: 1;	26106: 0;	26107: 8;	26108: 3;	26109: 7;	26110: 7;	26111: 7;	26112: 8;	26113: 1;	26114: 1;	26115: 8;	26116: 8;	26117: 6;	26118: 7;	26119: 7;	26120: 7;	26121: 9;	26122: 7;	26123: 2;	26124: 5;	26125: 1;	26126: 7;	26127: 7;	
2023-10-28 15:47:42,527:INFO::Validation loss decreased (1.204705 --> 1.182021).  Saving model ...
2023-10-28 15:47:42,532:INFO::Epoch: 7
tensor([[0.2456, 0.2488, 0.2590, 0.2466],
        [0.2534, 0.2631, 0.2416, 0.2420],
        [0.2525, 0.2521, 0.2468, 0.2487],
        [0.2468, 0.2535, 0.2570, 0.2427],
        [0.2521, 0.2466, 0.2526, 0.2486],
        [0.2451, 0.2468, 0.2550, 0.2531],
        [0.2484, 0.2552, 0.2489, 0.2475],
        [0.2410, 0.2539, 0.2506, 0.2545],
        [0.2507, 0.2545, 0.2477, 0.2471],
        [0.2460, 0.2486, 0.2529, 0.2525]], device='cuda:0',
       grad_fn=<SoftmaxBackward0>)
2023-10-28 15:47:44,905:INFO::save_dir_name: gat_darts_C10_useEM_coef0.3_Adam_gcn.ppnp.mean.one-hot_noTypeLinear_014_64_no_shared_ops_lr0.0005_wd0.0001_useSeed123_use_fixseeds_use_adam_patience-30_30
2023-10-28 15:47:44,908:INFO::Epoch 00007 | lr 0.00050 | Train_Loss 1.2149 | Val_Loss 1.1472 | Search Time(s) 1.8839 | Infer Time(s) 0.4941 | Time(s) 2.3780 
2023-10-28 15:47:45,418:INFO::Epoch: 7 Cluster_epoch: 0 gap_avg: 0.1097730818565483
2023-10-28 15:47:46,502:INFO::Epoch: 7 Cluster_epoch: 1 gap_avg: 0.01085350277826247
2023-10-28 15:47:47,481:INFO::Epoch: 7 Cluster_epoch: 2 gap_avg: 0.0013115774376488555
2023-10-28 15:47:48,448:INFO::Epoch: 7 Cluster_epoch: 3 gap_avg: 0.00047615201683226717
2023-10-28 15:47:48,894:INFO::cluster info:
0: 6;	1: 7;	2: 2;	3: 0;	4: 7;	5: 0;	6: 0;	7: 8;	8: 3;	9: 0;	10: 7;	11: 3;	12: 7;	13: 7;	14: 7;	15: 7;	16: 8;	17: 9;	18: 7;	19: 6;	20: 7;	21: 2;	22: 6;	23: 7;	24: 7;	25: 2;	26: 4;	27: 7;	28: 7;	29: 6;	30: 9;	31: 6;	32: 7;	33: 1;	34: 9;	35: 2;	36: 7;	37: 9;	38: 9;	39: 7;	40: 9;	41: 1;	42: 7;	43: 3;	44
26098: 8;	26099: 8;	26100: 8;	26101: 8;	26102: 8;	26103: 7;	26104: 8;	26105: 1;	26106: 0;	26107: 8;	26108: 3;	26109: 7;	26110: 7;	26111: 7;	26112: 8;	26113: 9;	26114: 1;	26115: 7;	26116: 8;	26117: 6;	26118: 7;	26119: 7;	26120: 7;	26121: 9;	26122: 7;	26123: 2;	26124: 5;	26125: 1;	26126: 7;	26127: 7;	
2023-10-28 15:47:48,895:INFO::Validation loss decreased (1.182021 --> 1.147223).  Saving model ...
2023-10-28 15:47:48,901:INFO::Epoch: 8
tensor([[0.2463, 0.2480, 0.2600, 0.2457],
        [0.2543, 0.2651, 0.2401, 0.2405],
        [0.2538, 0.2538, 0.2451, 0.2472],
        [0.2449, 0.2551, 0.2582, 0.2418],
        [0.2512, 0.2467, 0.2540, 0.2481],
        [0.2459, 0.2473, 0.2545, 0.2522],
        [0.2493, 0.2569, 0.2478, 0.2460],
        [0.2394, 0.2542, 0.2514, 0.2549],
        [0.2510, 0.2561, 0.2465, 0.2464],
        [0.2462, 0.2463, 0.2545, 0.2530]], device='cuda:0',
       grad_fn=<SoftmaxBackward0>)
2023-10-28 15:47:51,405:INFO::save_dir_name: gat_darts_C10_useEM_coef0.3_Adam_gcn.ppnp.mean.one-hot_noTypeLinear_014_64_no_shared_ops_lr0.0005_wd0.0001_useSeed123_use_fixseeds_use_adam_patience-30_30
2023-10-28 15:47:51,410:INFO::Epoch 00008 | lr 0.00050 | Train_Loss 1.1700 | Val_Loss 1.1251 | Search Time(s) 1.9657 | Infer Time(s) 0.5450 | Time(s) 2.5107 
2023-10-28 15:47:51,928:INFO::Epoch: 8 Cluster_epoch: 0 gap_avg: 0.11222808969113321
2023-10-28 15:47:52,918:INFO::Epoch: 8 Cluster_epoch: 1 gap_avg: 0.00925395870107422
2023-10-28 15:47:53,920:INFO::Epoch: 8 Cluster_epoch: 2 gap_avg: 0.000907400616385567
2023-10-28 15:47:54,887:INFO::Epoch: 8 Cluster_epoch: 3 gap_avg: 0.00023482756896717698
2023-10-28 15:47:55,348:INFO::cluster info:
0: 0;	1: 7;	2: 0;	3: 0;	4: 7;	5: 7;	6: 6;	7: 7;	8: 8;	9: 8;	10: 7;	11: 3;	12: 7;	13: 7;	14: 7;	15: 4;	16: 8;	17: 4;	18: 7;	19: 6;	20: 7;	21: 2;	22: 0;	23: 7;	24: 7;	25: 7;	26: 4;	27: 7;	28: 9;	29: 6;	30: 9;	31: 6;	32: 7;	33: 4;	34: 9;	35: 2;	36: 7;	37: 1;	38: 1;	39: 7;	40: 5;	41: 1;	42: 7;	43: 0;	44
26098: 8;	26099: 8;	26100: 0;	26101: 7;	26102: 0;	26103: 7;	26104: 0;	26105: 7;	26106: 0;	26107: 7;	26108: 3;	26109: 7;	26110: 7;	26111: 7;	26112: 8;	26113: 9;	26114: 1;	26115: 7;	26116: 8;	26117: 6;	26118: 7;	26119: 7;	26120: 7;	26121: 9;	26122: 7;	26123: 2;	26124: 5;	26125: 1;	26126: 7;	26127: 7;	
2023-10-28 15:47:55,349:INFO::Validation loss decreased (1.147223 --> 1.125098).  Saving model ...
2023-10-28 15:47:55,353:INFO::Epoch: 9
tensor([[0.2469, 0.2468, 0.2621, 0.2442],
        [0.2537, 0.2675, 0.2391, 0.2397],
        [0.2558, 0.2549, 0.2435, 0.2459],
        [0.2438, 0.2567, 0.2589, 0.2405],
        [0.2502, 0.2482, 0.2546, 0.2471],
        [0.2467, 0.2492, 0.2535, 0.2507],
        [0.2508, 0.2586, 0.2463, 0.2443],
        [0.2381, 0.2540, 0.2530, 0.2549],
        [0.2516, 0.2577, 0.2451, 0.2457],
        [0.2467, 0.2434, 0.2559, 0.2540]], device='cuda:0',
       grad_fn=<SoftmaxBackward0>)
2023-10-28 15:47:57,757:INFO::save_dir_name: gat_darts_C10_useEM_coef0.3_Adam_gcn.ppnp.mean.one-hot_noTypeLinear_014_64_no_shared_ops_lr0.0005_wd0.0001_useSeed123_use_fixseeds_use_adam_patience-30_30
2023-10-28 15:47:57,760:INFO::Epoch 00009 | lr 0.00050 | Train_Loss 1.1450 | Val_Loss 1.0987 | Search Time(s) 1.9043 | Infer Time(s) 0.5036 | Time(s) 2.4080 
2023-10-28 15:47:58,294:INFO::Epoch: 9 Cluster_epoch: 0 gap_avg: 0.11849992164506136
2023-10-28 15:47:59,251:INFO::Epoch: 9 Cluster_epoch: 1 gap_avg: 0.010490679328923714
2023-10-28 15:48:00,337:INFO::Epoch: 9 Cluster_epoch: 2 gap_avg: 0.0009695003461769651
2023-10-28 15:48:01,356:INFO::Epoch: 9 Cluster_epoch: 3 gap_avg: 0.0003609659198848539
2023-10-28 15:48:01,813:INFO::cluster info:
0: 7;	1: 7;	2: 2;	3: 7;	4: 7;	5: 7;	6: 0;	7: 7;	8: 7;	9: 8;	10: 7;	11: 3;	12: 7;	13: 7;	14: 7;	15: 9;	16: 8;	17: 4;	18: 7;	19: 3;	20: 7;	21: 2;	22: 0;	23: 7;	24: 7;	25: 7;	26: 6;	27: 8;	28: 7;	29: 6;	30: 9;	31: 6;	32: 7;	33: 1;	34: 9;	35: 0;	36: 7;	37: 4;	38: 1;	39: 7;	40: 9;	41: 9;	42: 7;	43: 6;	44
26098: 8;	26099: 8;	26100: 7;	26101: 7;	26102: 8;	26103: 0;	26104: 8;	26105: 4;	26106: 0;	26107: 4;	26108: 3;	26109: 7;	26110: 7;	26111: 7;	26112: 8;	26113: 9;	26114: 1;	26115: 7;	26116: 8;	26117: 6;	26118: 7;	26119: 7;	26120: 7;	26121: 9;	26122: 7;	26123: 2;	26124: 5;	26125: 1;	26126: 7;	26127: 7;	
2023-10-28 15:48:01,814:INFO::Validation loss decreased (1.125098 --> 1.098704).  Saving model ...
2023-10-28 15:48:01,818:INFO::Epoch: 10
tensor([[0.2479, 0.2455, 0.2634, 0.2433],
        [0.2536, 0.2691, 0.2384, 0.2389],
        [0.2577, 0.2567, 0.2415, 0.2441],
        [0.2425, 0.2592, 0.2591, 0.2392],
        [0.2486, 0.2503, 0.2553, 0.2458],
        [0.2463, 0.2511, 0.2532, 0.2493],
        [0.2515, 0.2606, 0.2451, 0.2428],
        [0.2377, 0.2543, 0.2533, 0.2548],
        [0.2522, 0.2587, 0.2442, 0.2449],
        [0.2487, 0.2412, 0.2578, 0.2523]], device='cuda:0',
       grad_fn=<SoftmaxBackward0>)
2023-10-28 15:48:04,253:INFO::save_dir_name: gat_darts_C10_useEM_coef0.3_Adam_gcn.ppnp.mean.one-hot_noTypeLinear_014_64_no_shared_ops_lr0.0005_wd0.0001_useSeed123_use_fixseeds_use_adam_patience-30_30
2023-10-28 15:48:04,256:INFO::Epoch 00010 | lr 0.00050 | Train_Loss 1.0806 | Val_Loss 1.0578 | Search Time(s) 1.9417 | Infer Time(s) 0.4975 | Time(s) 2.4392 
2023-10-28 15:48:04,777:INFO::Epoch: 10 Cluster_epoch: 0 gap_avg: 0.10847067692582384
2023-10-28 15:48:05,773:INFO::Epoch: 10 Cluster_epoch: 1 gap_avg: 0.01220627249587877
2023-10-28 15:48:06,796:INFO::Epoch: 10 Cluster_epoch: 2 gap_avg: 0.0010914407032032616
2023-10-28 15:48:07,779:INFO::Epoch: 10 Cluster_epoch: 3 gap_avg: 0.00037586688537857095
2023-10-28 15:48:08,228:INFO::cluster info:
0: 6;	1: 7;	2: 2;	3: 7;	4: 8;	5: 7;	6: 4;	7: 7;	8: 3;	9: 8;	10: 7;	11: 0;	12: 7;	13: 7;	14: 7;	15: 9;	16: 7;	17: 1;	18: 8;	19: 6;	20: 7;	21: 2;	22: 6;	23: 7;	24: 8;	25: 7;	26: 4;	27: 7;	28: 7;	29: 6;	30: 9;	31: 6;	32: 7;	33: 1;	34: 9;	35: 2;	36: 7;	37: 1;	38: 1;	39: 7;	40: 9;	41: 9;	42: 7;	43: 6;	44
26098: 7;	26099: 8;	26100: 7;	26101: 7;	26102: 8;	26103: 7;	26104: 0;	26105: 1;	26106: 0;	26107: 8;	26108: 3;	26109: 7;	26110: 7;	26111: 2;	26112: 8;	26113: 9;	26114: 9;	26115: 7;	26116: 8;	26117: 6;	26118: 7;	26119: 7;	26120: 7;	26121: 9;	26122: 7;	26123: 2;	26124: 5;	26125: 1;	26126: 7;	26127: 7;	
2023-10-28 15:48:08,228:INFO::Validation loss decreased (1.098704 --> 1.057834).  Saving model ...
2023-10-28 15:48:08,233:INFO::Epoch: 11
tensor([[0.2489, 0.2458, 0.2615, 0.2438],
        [0.2538, 0.2704, 0.2376, 0.2382],
        [0.2595, 0.2587, 0.2394, 0.2423],
        [0.2414, 0.2624, 0.2583, 0.2379],
        [0.2477, 0.2514, 0.2559, 0.2450],
        [0.2466, 0.2529, 0.2531, 0.2475],
        [0.2523, 0.2629, 0.2437, 0.2412],
        [0.2365, 0.2545, 0.2540, 0.2550],
        [0.2526, 0.2601, 0.2433, 0.2440],
        [0.2507, 0.2387, 0.2597, 0.2510]], device='cuda:0',
       grad_fn=<SoftmaxBackward0>)
2023-10-28 15:48:10,645:INFO::save_dir_name: gat_darts_C10_useEM_coef0.3_Adam_gcn.ppnp.mean.one-hot_noTypeLinear_014_64_no_shared_ops_lr0.0005_wd0.0001_useSeed123_use_fixseeds_use_adam_patience-30_30
2023-10-28 15:48:10,648:INFO::Epoch 00011 | lr 0.00050 | Train_Loss 1.0789 | Val_Loss 1.0236 | Search Time(s) 1.9145 | Infer Time(s) 0.5013 | Time(s) 2.4158 
2023-10-28 15:48:11,187:INFO::Epoch: 11 Cluster_epoch: 0 gap_avg: 0.17089821625885598
2023-10-28 15:48:12,161:INFO::Epoch: 11 Cluster_epoch: 1 gap_avg: 0.009955200040148302
2023-10-28 15:48:13,153:INFO::Epoch: 11 Cluster_epoch: 2 gap_avg: 0.0008521681343518037
2023-10-28 15:48:14,162:INFO::Epoch: 11 Cluster_epoch: 3 gap_avg: 0.0002607297080874975
2023-10-28 15:48:14,671:INFO::cluster info:
0: 6;	1: 7;	2: 2;	3: 7;	4: 8;	5: 7;	6: 0;	7: 7;	8: 3;	9: 8;	10: 7;	11: 3;	12: 7;	13: 7;	14: 7;	15: 2;	16: 7;	17: 9;	18: 7;	19: 6;	20: 7;	21: 2;	22: 6;	23: 7;	24: 7;	25: 7;	26: 8;	27: 7;	28: 9;	29: 6;	30: 4;	31: 6;	32: 7;	33: 4;	34: 9;	35: 0;	36: 7;	37: 4;	38: 1;	39: 7;	40: 9;	41: 9;	42: 7;	43: 3;	44
26098: 7;	26099: 8;	26100: 8;	26101: 7;	26102: 0;	26103: 8;	26104: 0;	26105: 1;	26106: 0;	26107: 0;	26108: 3;	26109: 7;	26110: 7;	26111: 2;	26112: 8;	26113: 9;	26114: 9;	26115: 7;	26116: 8;	26117: 6;	26118: 7;	26119: 7;	26120: 7;	26121: 9;	26122: 7;	26123: 2;	26124: 5;	26125: 1;	26126: 7;	26127: 7;	
2023-10-28 15:48:14,672:INFO::Validation loss decreased (1.057834 --> 1.023598).  Saving model ...
2023-10-28 15:48:14,676:INFO::Epoch: 12
tensor([[0.2505, 0.2451, 0.2606, 0.2438],
        [0.2546, 0.2716, 0.2365, 0.2372],
        [0.2613, 0.2604, 0.2377, 0.2406],
        [0.2411, 0.2648, 0.2572, 0.2370],
        [0.2468, 0.2530, 0.2558, 0.2445],
        [0.2462, 0.2554, 0.2526, 0.2458],
        [0.2533, 0.2650, 0.2422, 0.2395],
        [0.2372, 0.2531, 0.2550, 0.2547],
        [0.2531, 0.2611, 0.2427, 0.2432],
        [0.2531, 0.2364, 0.2616, 0.2488]], device='cuda:0',
       grad_fn=<SoftmaxBackward0>)
2023-10-28 15:48:17,052:INFO::save_dir_name: gat_darts_C10_useEM_coef0.3_Adam_gcn.ppnp.mean.one-hot_noTypeLinear_014_64_no_shared_ops_lr0.0005_wd0.0001_useSeed123_use_fixseeds_use_adam_patience-30_30
2023-10-28 15:48:17,055:INFO::Epoch 00012 | lr 0.00050 | Train_Loss 1.0270 | Val_Loss 0.9708 | Search Time(s) 1.8721 | Infer Time(s) 0.5082 | Time(s) 2.3803 
2023-10-28 15:48:17,578:INFO::Epoch: 12 Cluster_epoch: 0 gap_avg: 0.12008939074964631
2023-10-28 15:48:18,544:INFO::Epoch: 12 Cluster_epoch: 1 gap_avg: 0.013492381560510266
2023-10-28 15:48:19,509:INFO::Epoch: 12 Cluster_epoch: 2 gap_avg: 0.0010935269306817546
2023-10-28 15:48:20,493:INFO::Epoch: 12 Cluster_epoch: 3 gap_avg: 0.0004402372337139114
2023-10-28 15:48:20,947:INFO::cluster info:
0: 6;	1: 7;	2: 2;	3: 7;	4: 8;	5: 7;	6: 7;	7: 7;	8: 0;	9: 8;	10: 0;	11: 3;	12: 2;	13: 7;	14: 7;	15: 0;	16: 7;	17: 9;	18: 7;	19: 3;	20: 7;	21: 2;	22: 6;	23: 7;	24: 7;	25: 7;	26: 6;	27: 7;	28: 7;	29: 6;	30: 7;	31: 6;	32: 7;	33: 1;	34: 9;	35: 2;	36: 7;	37: 4;	38: 4;	39: 7;	40: 9;	41: 9;	42: 7;	43: 0;	44
26098: 7;	26099: 8;	26100: 8;	26101: 7;	26102: 8;	26103: 8;	26104: 0;	26105: 1;	26106: 7;	26107: 0;	26108: 3;	26109: 7;	26110: 7;	26111: 2;	26112: 8;	26113: 9;	26114: 9;	26115: 7;	26116: 8;	26117: 6;	26118: 7;	26119: 7;	26120: 7;	26121: 9;	26122: 7;	26123: 2;	26124: 5;	26125: 1;	26126: 7;	26127: 7;	
2023-10-28 15:48:20,948:INFO::Validation loss decreased (1.023598 --> 0.970820).  Saving model ...
2023-10-28 15:48:20,952:INFO::Epoch: 13
tensor([[0.2507, 0.2438, 0.2612, 0.2443],
        [0.2560, 0.2726, 0.2353, 0.2361],
        [0.2634, 0.2614, 0.2361, 0.2390],
        [0.2410, 0.2673, 0.2558, 0.2359],
        [0.2463, 0.2535, 0.2568, 0.2434],
        [0.2468, 0.2574, 0.2515, 0.2443],
        [0.2548, 0.2668, 0.2406, 0.2379],
        [0.2373, 0.2532, 0.2553, 0.2542],
        [0.2537, 0.2615, 0.2422, 0.2427],
        [0.2556, 0.2343, 0.2635, 0.2466]], device='cuda:0',
       grad_fn=<SoftmaxBackward0>)
2023-10-28 15:48:23,503:INFO::save_dir_name: gat_darts_C10_useEM_coef0.3_Adam_gcn.ppnp.mean.one-hot_noTypeLinear_014_64_no_shared_ops_lr0.0005_wd0.0001_useSeed123_use_fixseeds_use_adam_patience-30_30
2023-10-28 15:48:23,506:INFO::Epoch 00013 | lr 0.00050 | Train_Loss 0.9843 | Val_Loss 0.9169 | Search Time(s) 2.0018 | Infer Time(s) 0.5535 | Time(s) 2.5552 
2023-10-28 15:48:24,049:INFO::Epoch: 13 Cluster_epoch: 0 gap_avg: 0.13807380777280054
2023-10-28 15:48:25,362:INFO::Epoch: 13 Cluster_epoch: 1 gap_avg: 0.01207475307080089
2023-10-28 15:48:26,459:INFO::Epoch: 13 Cluster_epoch: 2 gap_avg: 0.001335954195422652
2023-10-28 15:48:27,540:INFO::Epoch: 13 Cluster_epoch: 3 gap_avg: 0.0004701930735954445
2023-10-28 15:48:28,042:INFO::cluster info:
0: 8;	1: 7;	2: 2;	3: 7;	4: 7;	5: 7;	6: 0;	7: 7;	8: 8;	9: 8;	10: 0;	11: 3;	12: 7;	13: 7;	14: 7;	15: 5;	16: 7;	17: 9;	18: 8;	19: 3;	20: 7;	21: 2;	22: 6;	23: 7;	24: 8;	25: 2;	26: 3;	27: 7;	28: 7;	29: 0;	30: 4;	31: 6;	32: 7;	33: 1;	34: 9;	35: 2;	36: 7;	37: 4;	38: 1;	39: 8;	40: 5;	41: 9;	42: 7;	43: 6;	44
26098: 8;	26099: 8;	26100: 7;	26101: 7;	26102: 8;	26103: 8;	26104: 8;	26105: 1;	26106: 7;	26107: 0;	26108: 3;	26109: 7;	26110: 7;	26111: 2;	26112: 8;	26113: 9;	26114: 9;	26115: 7;	26116: 8;	26117: 6;	26118: 7;	26119: 7;	26120: 7;	26121: 9;	26122: 7;	26123: 2;	26124: 9;	26125: 1;	26126: 7;	26127: 7;	
2023-10-28 15:48:28,043:INFO::Validation loss decreased (0.970820 --> 0.916852).  Saving model ...
2023-10-28 15:48:28,047:INFO::Epoch: 14
tensor([[0.2499, 0.2432, 0.2618, 0.2450],
        [0.2552, 0.2729, 0.2356, 0.2363],
        [0.2658, 0.2630, 0.2342, 0.2371],
        [0.2410, 0.2701, 0.2543, 0.2345],
        [0.2477, 0.2534, 0.2561, 0.2428],
        [0.2467, 0.2585, 0.2522, 0.2426],
        [0.2567, 0.2683, 0.2389, 0.2362],
        [0.2367, 0.2532, 0.2563, 0.2538],
        [0.2548, 0.2615, 0.2415, 0.2422],
        [0.2575, 0.2325, 0.2655, 0.2445]], device='cuda:0',
       grad_fn=<SoftmaxBackward0>)
2023-10-28 15:48:30,628:INFO::save_dir_name: gat_darts_C10_useEM_coef0.3_Adam_gcn.ppnp.mean.one-hot_noTypeLinear_014_64_no_shared_ops_lr0.0005_wd0.0001_useSeed123_use_fixseeds_use_adam_patience-30_30
2023-10-28 15:48:30,631:INFO::Epoch 00014 | lr 0.00050 | Train_Loss 0.9397 | Val_Loss 0.8697 | Search Time(s) 2.0472 | Infer Time(s) 0.5378 | Time(s) 2.5851 
2023-10-28 15:48:31,223:INFO::Epoch: 14 Cluster_epoch: 0 gap_avg: 0.14273356975192833
2023-10-28 15:48:32,295:INFO::Epoch: 14 Cluster_epoch: 1 gap_avg: 0.016632226983909294
2023-10-28 15:48:33,389:INFO::Epoch: 14 Cluster_epoch: 2 gap_avg: 0.0010913944293215816
2023-10-28 15:48:34,366:INFO::Epoch: 14 Cluster_epoch: 3 gap_avg: 0.0003281949201668178
2023-10-28 15:48:34,817:INFO::cluster info:
0: 7;	1: 7;	2: 2;	3: 7;	4: 8;	5: 7;	6: 0;	7: 7;	8: 8;	9: 0;	10: 0;	11: 3;	12: 2;	13: 4;	14: 7;	15: 9;	16: 7;	17: 9;	18: 7;	19: 6;	20: 7;	21: 2;	22: 8;	23: 7;	24: 8;	25: 7;	26: 3;	27: 7;	28: 7;	29: 6;	30: 4;	31: 6;	32: 7;	33: 1;	34: 9;	35: 2;	36: 7;	37: 4;	38: 4;	39: 7;	40: 9;	41: 9;	42: 7;	43: 6;	44
26098: 8;	26099: 8;	26100: 7;	26101: 2;	26102: 8;	26103: 6;	26104: 0;	26105: 4;	26106: 7;	26107: 0;	26108: 3;	26109: 7;	26110: 7;	26111: 2;	26112: 8;	26113: 9;	26114: 9;	26115: 7;	26116: 8;	26117: 6;	26118: 7;	26119: 7;	26120: 7;	26121: 9;	26122: 7;	26123: 2;	26124: 9;	26125: 1;	26126: 7;	26127: 7;	
2023-10-28 15:48:34,818:INFO::Validation loss decreased (0.916852 --> 0.869688).  Saving model ...
2023-10-28 15:48:34,822:INFO::Epoch: 15
tensor([[0.2502, 0.2431, 0.2607, 0.2460],
        [0.2548, 0.2733, 0.2356, 0.2362],
        [0.2677, 0.2649, 0.2323, 0.2351],
        [0.2408, 0.2731, 0.2528, 0.2332],
        [0.2485, 0.2526, 0.2567, 0.2421],
        [0.2466, 0.2590, 0.2531, 0.2414],
        [0.2584, 0.2700, 0.2372, 0.2344],
        [0.2380, 0.2550, 0.2549, 0.2520],
        [0.2564, 0.2613, 0.2408, 0.2415],
        [0.2595, 0.2309, 0.2677, 0.2420]], device='cuda:0',
       grad_fn=<SoftmaxBackward0>)
2023-10-28 15:48:37,270:INFO::save_dir_name: gat_darts_C10_useEM_coef0.3_Adam_gcn.ppnp.mean.one-hot_noTypeLinear_014_64_no_shared_ops_lr0.0005_wd0.0001_useSeed123_use_fixseeds_use_adam_patience-30_30
2023-10-28 15:48:37,274:INFO::Epoch 00015 | lr 0.00050 | Train_Loss 0.9095 | Val_Loss 0.8125 | Search Time(s) 1.9440 | Infer Time(s) 0.5069 | Time(s) 2.4509 
2023-10-28 15:48:37,811:INFO::Epoch: 15 Cluster_epoch: 0 gap_avg: 0.16471392653539185
2023-10-28 15:48:38,784:INFO::Epoch: 15 Cluster_epoch: 1 gap_avg: 0.0161738419244921
2023-10-28 15:48:39,791:INFO::Epoch: 15 Cluster_epoch: 2 gap_avg: 0.0011878621447290257
2023-10-28 15:48:40,775:INFO::Epoch: 15 Cluster_epoch: 3 gap_avg: 0.0003655526093030971
2023-10-28 15:48:41,219:INFO::cluster info:
0: 8;	1: 8;	2: 2;	3: 8;	4: 8;	5: 8;	6: 8;	7: 7;	8: 8;	9: 0;	10: 7;	11: 3;	12: 2;	13: 7;	14: 7;	15: 9;	16: 7;	17: 5;	18: 8;	19: 6;	20: 7;	21: 2;	22: 6;	23: 8;	24: 8;	25: 7;	26: 3;	27: 7;	28: 4;	29: 6;	30: 7;	31: 6;	32: 7;	33: 5;	34: 9;	35: 2;	36: 0;	37: 4;	38: 5;	39: 8;	40: 9;	41: 1;	42: 7;	43: 6;	44
26098: 7;	26099: 8;	26100: 7;	26101: 7;	26102: 8;	26103: 8;	26104: 8;	26105: 1;	26106: 0;	26107: 8;	26108: 3;	26109: 7;	26110: 7;	26111: 2;	26112: 8;	26113: 9;	26114: 9;	26115: 7;	26116: 8;	26117: 6;	26118: 7;	26119: 7;	26120: 7;	26121: 9;	26122: 7;	26123: 2;	26124: 9;	26125: 1;	26126: 7;	26127: 7;	
2023-10-28 15:48:41,235:INFO::Validation loss decreased (0.869688 --> 0.812458).  Saving model ...
2023-10-28 15:48:41,240:INFO::Epoch: 16
tensor([[0.2512, 0.2435, 0.2584, 0.2468],
        [0.2541, 0.2738, 0.2359, 0.2362],
        [0.2699, 0.2665, 0.2304, 0.2331],
        [0.2404, 0.2759, 0.2517, 0.2320],
        [0.2499, 0.2512, 0.2572, 0.2417],
        [0.2465, 0.2593, 0.2538, 0.2404],
        [0.2605, 0.2716, 0.2353, 0.2326],
        [0.2384, 0.2571, 0.2540, 0.2505],
        [0.2585, 0.2613, 0.2399, 0.2404],
        [0.2616, 0.2294, 0.2693, 0.2397]], device='cuda:0',
       grad_fn=<SoftmaxBackward0>)
2023-10-28 15:48:43,649:INFO::save_dir_name: gat_darts_C10_useEM_coef0.3_Adam_gcn.ppnp.mean.one-hot_noTypeLinear_014_64_no_shared_ops_lr0.0005_wd0.0001_useSeed123_use_fixseeds_use_adam_patience-30_30
2023-10-28 15:48:43,652:INFO::Epoch 00016 | lr 0.00050 | Train_Loss 0.8413 | Val_Loss 0.7580 | Search Time(s) 1.9145 | Infer Time(s) 0.4993 | Time(s) 2.4138 
2023-10-28 15:48:44,183:INFO::Epoch: 16 Cluster_epoch: 0 gap_avg: 0.14117830570671597
2023-10-28 15:48:45,236:INFO::Epoch: 16 Cluster_epoch: 1 gap_avg: 0.019025618492972914
2023-10-28 15:48:46,237:INFO::Epoch: 16 Cluster_epoch: 2 gap_avg: 0.0013824524412610526
2023-10-28 15:48:47,239:INFO::Epoch: 16 Cluster_epoch: 3 gap_avg: 0.00046058023286119293
2023-10-28 15:48:47,725:INFO::cluster info:
0: 8;	1: 8;	2: 2;	3: 8;	4: 4;	5: 8;	6: 4;	7: 7;	8: 8;	9: 8;	10: 6;	11: 3;	12: 2;	13: 7;	14: 8;	15: 9;	16: 7;	17: 9;	18: 8;	19: 6;	20: 7;	21: 2;	22: 6;	23: 8;	24: 4;	25: 7;	26: 3;	27: 7;	28: 4;	29: 6;	30: 4;	31: 6;	32: 8;	33: 1;	34: 9;	35: 0;	36: 7;	37: 5;	38: 9;	39: 8;	40: 9;	41: 9;	42: 7;	43: 3;	44
26098: 7;	26099: 8;	26100: 8;	26101: 4;	26102: 7;	26103: 8;	26104: 4;	26105: 4;	26106: 4;	26107: 0;	26108: 3;	26109: 7;	26110: 8;	26111: 2;	26112: 8;	26113: 9;	26114: 9;	26115: 7;	26116: 8;	26117: 6;	26118: 7;	26119: 7;	26120: 7;	26121: 9;	26122: 7;	26123: 2;	26124: 9;	26125: 1;	26126: 7;	26127: 7;	
2023-10-28 15:48:47,725:INFO::Validation loss decreased (0.812458 --> 0.758026).  Saving model ...
2023-10-28 15:48:47,731:INFO::Epoch: 17
tensor([[0.2516, 0.2417, 0.2595, 0.2472],
        [0.2538, 0.2744, 0.2358, 0.2359],
        [0.2716, 0.2684, 0.2287, 0.2313],
        [0.2397, 0.2779, 0.2515, 0.2309],
        [0.2507, 0.2493, 0.2584, 0.2416],
        [0.2463, 0.2595, 0.2548, 0.2394],
        [0.2629, 0.2728, 0.2335, 0.2308],
        [0.2388, 0.2591, 0.2531, 0.2490],
        [0.2604, 0.2612, 0.2390, 0.2393],
        [0.2635, 0.2281, 0.2709, 0.2375]], device='cuda:0',
       grad_fn=<SoftmaxBackward0>)
2023-10-28 15:48:50,155:INFO::save_dir_name: gat_darts_C10_useEM_coef0.3_Adam_gcn.ppnp.mean.one-hot_noTypeLinear_014_64_no_shared_ops_lr0.0005_wd0.0001_useSeed123_use_fixseeds_use_adam_patience-30_30
2023-10-28 15:48:50,159:INFO::Epoch 00017 | lr 0.00050 | Train_Loss 0.8178 | Val_Loss 0.7033 | Search Time(s) 1.9307 | Infer Time(s) 0.4989 | Time(s) 2.4296 
2023-10-28 15:48:50,686:INFO::Epoch: 17 Cluster_epoch: 0 gap_avg: 0.15371398711754553
2023-10-28 15:48:51,627:INFO::Epoch: 17 Cluster_epoch: 1 gap_avg: 0.022786174135768698
2023-10-28 15:48:52,610:INFO::Epoch: 17 Cluster_epoch: 2 gap_avg: 0.00173125110617446
2023-10-28 15:48:53,566:INFO::Epoch: 17 Cluster_epoch: 3 gap_avg: 0.0008234426681481546
2023-10-28 15:48:54,015:INFO::cluster info:
0: 8;	1: 8;	2: 2;	3: 8;	4: 8;	5: 8;	6: 4;	7: 7;	8: 8;	9: 8;	10: 3;	11: 3;	12: 0;	13: 7;	14: 8;	15: 9;	16: 8;	17: 5;	18: 8;	19: 6;	20: 7;	21: 2;	22: 6;	23: 8;	24: 8;	25: 7;	26: 6;	27: 7;	28: 4;	29: 6;	30: 4;	31: 6;	32: 8;	33: 1;	34: 9;	35: 0;	36: 7;	37: 4;	38: 4;	39: 8;	40: 9;	41: 9;	42: 7;	43: 6;	44
26098: 8;	26099: 8;	26100: 8;	26101: 7;	26102: 4;	26103: 8;	26104: 8;	26105: 4;	26106: 4;	26107: 7;	26108: 3;	26109: 7;	26110: 8;	26111: 2;	26112: 8;	26113: 9;	26114: 9;	26115: 7;	26116: 8;	26117: 6;	26118: 7;	26119: 7;	26120: 7;	26121: 9;	26122: 7;	26123: 2;	26124: 9;	26125: 1;	26126: 7;	26127: 7;	
2023-10-28 15:48:54,016:INFO::Validation loss decreased (0.758026 --> 0.703318).  Saving model ...
2023-10-28 15:48:54,021:INFO::Epoch: 18
tensor([[0.2508, 0.2410, 0.2610, 0.2472],
        [0.2539, 0.2748, 0.2357, 0.2356],
        [0.2738, 0.2697, 0.2270, 0.2295],
        [0.2405, 0.2795, 0.2505, 0.2295],
        [0.2524, 0.2476, 0.2588, 0.2412],
        [0.2461, 0.2596, 0.2555, 0.2389],
        [0.2649, 0.2742, 0.2317, 0.2292],
        [0.2407, 0.2602, 0.2520, 0.2470],
        [0.2623, 0.2617, 0.2381, 0.2379],
        [0.2649, 0.2271, 0.2722, 0.2357]], device='cuda:0',
       grad_fn=<SoftmaxBackward0>)
2023-10-28 15:48:56,489:INFO::save_dir_name: gat_darts_C10_useEM_coef0.3_Adam_gcn.ppnp.mean.one-hot_noTypeLinear_014_64_no_shared_ops_lr0.0005_wd0.0001_useSeed123_use_fixseeds_use_adam_patience-30_30
2023-10-28 15:48:56,493:INFO::Epoch 00018 | lr 0.00050 | Train_Loss 0.7688 | Val_Loss 0.6453 | Search Time(s) 1.9832 | Infer Time(s) 0.4900 | Time(s) 2.4732 
2023-10-28 15:48:57,094:INFO::Epoch: 18 Cluster_epoch: 0 gap_avg: 0.16600006203440307
2023-10-28 15:48:58,079:INFO::Epoch: 18 Cluster_epoch: 1 gap_avg: 0.02866527927474214
2023-10-28 15:48:59,114:INFO::Epoch: 18 Cluster_epoch: 2 gap_avg: 0.0025189637168624743
2023-10-28 15:49:00,122:INFO::Epoch: 18 Cluster_epoch: 3 gap_avg: 0.001134677415098918
2023-10-28 15:49:00,646:INFO::cluster info:
0: 8;	1: 8;	2: 2;	3: 8;	4: 8;	5: 8;	6: 4;	7: 8;	8: 8;	9: 8;	10: 7;	11: 3;	12: 0;	13: 7;	14: 8;	15: 9;	16: 7;	17: 9;	18: 8;	19: 6;	20: 7;	21: 2;	22: 6;	23: 7;	24: 8;	25: 7;	26: 6;	27: 7;	28: 4;	29: 6;	30: 4;	31: 6;	32: 8;	33: 1;	34: 9;	35: 0;	36: 7;	37: 5;	38: 4;	39: 8;	40: 9;	41: 9;	42: 7;	43: 3;	44
26098: 7;	26099: 8;	26100: 7;	26101: 7;	26102: 7;	26103: 4;	26104: 4;	26105: 5;	26106: 7;	26107: 7;	26108: 3;	26109: 7;	26110: 8;	26111: 2;	26112: 8;	26113: 9;	26114: 9;	26115: 7;	26116: 8;	26117: 6;	26118: 7;	26119: 7;	26120: 7;	26121: 9;	26122: 7;	26123: 2;	26124: 9;	26125: 1;	26126: 7;	26127: 7;	
2023-10-28 15:49:00,647:INFO::Validation loss decreased (0.703318 --> 0.645279).  Saving model ...
2023-10-28 15:49:00,651:INFO::Epoch: 19
tensor([[0.2507, 0.2396, 0.2630, 0.2467],
        [0.2544, 0.2752, 0.2354, 0.2350],
        [0.2761, 0.2713, 0.2251, 0.2274],
        [0.2423, 0.2816, 0.2485, 0.2276],
        [0.2539, 0.2454, 0.2589, 0.2418],
        [0.2461, 0.2597, 0.2560, 0.2383],
        [0.2668, 0.2754, 0.2302, 0.2276],
        [0.2427, 0.2615, 0.2507, 0.2451],
        [0.2641, 0.2609, 0.2379, 0.2371],
        [0.2667, 0.2265, 0.2729, 0.2339]], device='cuda:0',
       grad_fn=<SoftmaxBackward0>)
2023-10-28 15:49:03,035:INFO::save_dir_name: gat_darts_C10_useEM_coef0.3_Adam_gcn.ppnp.mean.one-hot_noTypeLinear_014_64_no_shared_ops_lr0.0005_wd0.0001_useSeed123_use_fixseeds_use_adam_patience-30_30
2023-10-28 15:49:03,039:INFO::Epoch 00019 | lr 0.00050 | Train_Loss 0.7043 | Val_Loss 0.5904 | Search Time(s) 1.8840 | Infer Time(s) 0.5027 | Time(s) 2.3867 
2023-10-28 15:49:03,573:INFO::Epoch: 19 Cluster_epoch: 0 gap_avg: 0.2309840794815264
2023-10-28 15:49:04,528:INFO::Epoch: 19 Cluster_epoch: 1 gap_avg: 0.03459329802992838
2023-10-28 15:49:05,510:INFO::Epoch: 19 Cluster_epoch: 2 gap_avg: 0.002501937659087549
2023-10-28 15:49:06,548:INFO::Epoch: 19 Cluster_epoch: 3 gap_avg: 0.0009390316020921411
