2023-10-26 16:53:42,846:INFO::=============== Search Args:
Namespace(dataset='DBLP', feats_type=6, gnn_model='gat', valid_attributed_type=1, cluster_num=10, cluster_eps=1e-05, att_comp_dim=64, hidden_dim=64, num_heads=8, attn_vec_dim=128, search_epoch=350, retrain_epoch=500, inner_epoch=1, patience_search=30, patience_retrain=30, batch_size=8, batch_size_test=32, momentum=0.9, lr=0.0005, lr_rate_min=3e-05, num_layers=2, dropout=0.5, weight_decay=0.0001, slope=0.05, grad_clip=5, network_momentum=0.9, arch_learning_rate=0.005, arch_weight_decay=1e-05, repeat=5, cluster_epoch=1, save_postfix='DBLP', feats_opt='1011', cuda=False, unrolled=False, useSGD=False, useTypeLinear=False, l2norm=False, cluster_norm=False, usedropout=False, is_unrolled='False', is_use_type_linear='False', is_use_SGD='False', is_use_dropout='False', time_line='2023-10-26-16-53-42', edge_feats=64, warmup_epoch=0, clusterupdate_round=1, searcher_name='darts', rnn_type='RotatE0', neighbor_samples=100, use_minibatch=False, shared_ops=False, e_greedy=0, usebn=False, seed=123, use_5seeds=False, no_use_fixseeds=False, use_dmon=False, collapse_regularization=0.1, dmon_loss_alpha=0.3, tau=1.0, schedule_step=350, schedule_step_retrain=500, use_norm=False, use_adamw=False, use_skip=False, last_hidden_dim=512, logger=<Logger log_output (INFO)>)
2023-10-26 16:54:10,244:INFO::node_type_num: 4
2023-10-26 16:54:41,585:INFO::=============== Prepare basic data stage finish, use 58.71212029457092 time.
2023-10-26 16:55:37,416:INFO::save_dir_name: gat_darts_C10_useEM_coef0.3_Adam_gcn.ppnp.mean.one-hot_noTypeLinear_011_64_no_shared_ops_lr0.0005_wd0.0001_useSeed123_use_fixseeds_use_adam_patience-30_30
2023-10-26 16:55:41,240:INFO::Epoch: 0
tensor([[0.2497, 0.2500, 0.2502, 0.2501],
        [0.2504, 0.2500, 0.2495, 0.2501],
        [0.2498, 0.2500, 0.2501, 0.2501],
        [0.2502, 0.2502, 0.2501, 0.2495],
        [0.2499, 0.2498, 0.2503, 0.2500],
        [0.2497, 0.2500, 0.2500, 0.2503],
        [0.2499, 0.2498, 0.2499, 0.2504],
        [0.2498, 0.2499, 0.2499, 0.2504],
        [0.2500, 0.2502, 0.2501, 0.2497],
        [0.2505, 0.2499, 0.2497, 0.2499]], device='cuda:0',
       grad_fn=<SoftmaxBackward0>)
2023-10-26 16:56:09,432:INFO::save_dir_name: gat_darts_C10_useEM_coef0.3_Adam_gcn.ppnp.mean.one-hot_noTypeLinear_011_64_no_shared_ops_lr0.0005_wd0.0001_useSeed123_use_fixseeds_use_adam_patience-30_30
2023-10-26 16:56:09,824:INFO::Epoch 00000 | lr 0.00050 | Train_Loss 1.3866 | Val_Loss 1.3664 | Search Time(s) 30.2030 | Infer Time(s) 0.6542 | Time(s) 30.8573 
2023-10-26 16:56:13,097:INFO::cluster info:
0: 7;	1: 7;	2: 7;	3: 6;	4: 8;	5: 6;	6: 7;	7: 0;	8: 2;	9: 0;	10: 6;	11: 9;	12: 0;	13: 7;	14: 6;	15: 0;	16: 2;	17: 1;	18: 7;	19: 7;	20: 3;	21: 3;	22: 7;	23: 2;	24: 2;	25: 2;	26: 4;	27: 0;	28: 6;	29: 4;	30: 2;	31: 6;	32: 4;	33: 5;	34: 9;	35: 9;	36: 1;	37: 1;	38: 1;	39: 7;	40: 1;	41: 1;	42: 8;	43: 7;	44
26098: 0;	26099: 8;	26100: 0;	26101: 0;	26102: 9;	26103: 7;	26104: 0;	26105: 0;	26106: 6;	26107: 6;	26108: 6;	26109: 1;	26110: 6;	26111: 7;	26112: 9;	26113: 6;	26114: 1;	26115: 0;	26116: 4;	26117: 6;	26118: 8;	26119: 7;	26120: 2;	26121: 0;	26122: 6;	26123: 2;	26124: 5;	26125: 1;	26126: 7;	26127: 0;	
2023-10-26 16:56:13,170:INFO::Epoch: 1
tensor([[0.2490, 0.2494, 0.2521, 0.2495],
        [0.2497, 0.2519, 0.2489, 0.2494],
        [0.2485, 0.2487, 0.2514, 0.2514],
        [0.2514, 0.2490, 0.2513, 0.2483],
        [0.2512, 0.2485, 0.2490, 0.2513],
        [0.2485, 0.2487, 0.2512, 0.2516],
        [0.2505, 0.2480, 0.2505, 0.2511],
        [0.2492, 0.2518, 0.2493, 0.2497],
        [0.2519, 0.2496, 0.2495, 0.2491],
        [0.2486, 0.2505, 0.2503, 0.2505]], device='cuda:0',
       grad_fn=<SoftmaxBackward0>)
2023-10-26 16:56:16,567:INFO::save_dir_name: gat_darts_C10_useEM_coef0.3_Adam_gcn.ppnp.mean.one-hot_noTypeLinear_011_64_no_shared_ops_lr0.0005_wd0.0001_useSeed123_use_fixseeds_use_adam_patience-30_30
2023-10-26 16:56:16,601:INFO::Epoch 00001 | lr 0.00050 | Train_Loss 1.3673 | Val_Loss 1.3346 | Search Time(s) 2.7856 | Infer Time(s) 0.6313 | Time(s) 3.4169 
2023-10-26 16:56:17,718:INFO::Epoch: 1 Cluster_epoch: 0 gap_avg: 0.06311530346873276
2023-10-26 16:56:18,587:INFO::cluster info:
0: 9;	1: 2;	2: 2;	3: 6;	4: 8;	5: 3;	6: 6;	7: 2;	8: 8;	9: 4;	10: 9;	11: 3;	12: 7;	13: 7;	14: 6;	15: 1;	16: 2;	17: 1;	18: 4;	19: 6;	20: 1;	21: 9;	22: 6;	23: 2;	24: 8;	25: 2;	26: 6;	27: 2;	28: 1;	29: 3;	30: 8;	31: 3;	32: 7;	33: 1;	34: 1;	35: 9;	36: 3;	37: 7;	38: 1;	39: 4;	40: 1;	41: 1;	42: 8;	43: 6;	44
26098: 0;	26099: 8;	26100: 2;	26101: 0;	26102: 5;	26103: 9;	26104: 0;	26105: 0;	26106: 0;	26107: 8;	26108: 6;	26109: 1;	26110: 2;	26111: 7;	26112: 8;	26113: 1;	26114: 1;	26115: 0;	26116: 8;	26117: 6;	26118: 8;	26119: 7;	26120: 7;	26121: 8;	26122: 8;	26123: 2;	26124: 1;	26125: 1;	26126: 7;	26127: 8;	
2023-10-26 16:56:18,589:INFO::Validation loss decreased (inf --> 1.334603).  Saving model ...
2023-10-26 16:56:18,598:INFO::Epoch: 2
tensor([[0.2497, 0.2506, 0.2514, 0.2483],
        [0.2505, 0.2530, 0.2481, 0.2484],
        [0.2484, 0.2480, 0.2515, 0.2520],
        [0.2523, 0.2478, 0.2527, 0.2472],
        [0.2524, 0.2472, 0.2488, 0.2516],
        [0.2472, 0.2474, 0.2525, 0.2528],
        [0.2494, 0.2478, 0.2516, 0.2512],
        [0.2475, 0.2526, 0.2495, 0.2504],
        [0.2514, 0.2484, 0.2504, 0.2498],
        [0.2497, 0.2499, 0.2497, 0.2507]], device='cuda:0',
       grad_fn=<SoftmaxBackward0>)
2023-10-26 16:56:21,609:INFO::save_dir_name: gat_darts_C10_useEM_coef0.3_Adam_gcn.ppnp.mean.one-hot_noTypeLinear_011_64_no_shared_ops_lr0.0005_wd0.0001_useSeed123_use_fixseeds_use_adam_patience-30_30
2023-10-26 16:56:21,612:INFO::Epoch 00002 | lr 0.00050 | Train_Loss 1.3390 | Val_Loss 1.2970 | Search Time(s) 2.3903 | Infer Time(s) 0.6283 | Time(s) 3.0186 
2023-10-26 16:56:22,137:INFO::Epoch: 2 Cluster_epoch: 0 gap_avg: 0.0547890510656174
2023-10-26 16:56:22,631:INFO::cluster info:
0: 6;	1: 2;	2: 2;	3: 3;	4: 0;	5: 3;	6: 6;	7: 2;	8: 9;	9: 4;	10: 6;	11: 3;	12: 7;	13: 8;	14: 2;	15: 7;	16: 2;	17: 1;	18: 3;	19: 6;	20: 1;	21: 2;	22: 6;	23: 2;	24: 8;	25: 2;	26: 6;	27: 2;	28: 1;	29: 6;	30: 8;	31: 6;	32: 7;	33: 1;	34: 1;	35: 7;	36: 1;	37: 7;	38: 1;	39: 0;	40: 1;	41: 1;	42: 8;	43: 6;	44
26098: 0;	26099: 8;	26100: 2;	26101: 2;	26102: 0;	26103: 0;	26104: 0;	26105: 5;	26106: 1;	26107: 0;	26108: 6;	26109: 1;	26110: 2;	26111: 7;	26112: 8;	26113: 1;	26114: 1;	26115: 8;	26116: 8;	26117: 6;	26118: 8;	26119: 7;	26120: 7;	26121: 8;	26122: 8;	26123: 2;	26124: 1;	26125: 1;	26126: 7;	26127: 7;	
2023-10-26 16:56:22,632:INFO::Validation loss decreased (1.334603 --> 1.297035).  Saving model ...
2023-10-26 16:56:22,638:INFO::Epoch: 3
tensor([[0.2495, 0.2523, 0.2509, 0.2472],
        [0.2518, 0.2543, 0.2469, 0.2471],
        [0.2493, 0.2468, 0.2523, 0.2516],
        [0.2534, 0.2477, 0.2529, 0.2460],
        [0.2526, 0.2462, 0.2502, 0.2510],
        [0.2466, 0.2468, 0.2532, 0.2535],
        [0.2488, 0.2481, 0.2523, 0.2508],
        [0.2458, 0.2537, 0.2496, 0.2509],
        [0.2510, 0.2485, 0.2507, 0.2498],
        [0.2498, 0.2509, 0.2492, 0.2500]], device='cuda:0',
       grad_fn=<SoftmaxBackward0>)
2023-10-26 16:56:25,557:INFO::save_dir_name: gat_darts_C10_useEM_coef0.3_Adam_gcn.ppnp.mean.one-hot_noTypeLinear_011_64_no_shared_ops_lr0.0005_wd0.0001_useSeed123_use_fixseeds_use_adam_patience-30_30
2023-10-26 16:56:25,568:INFO::Epoch 00003 | lr 0.00050 | Train_Loss 1.3110 | Val_Loss 1.2646 | Search Time(s) 2.2705 | Infer Time(s) 0.6543 | Time(s) 2.9247 
2023-10-26 16:56:26,131:INFO::Epoch: 3 Cluster_epoch: 0 gap_avg: 0.05347580552518625
2023-10-26 16:56:26,680:INFO::cluster info:
0: 6;	1: 2;	2: 2;	3: 3;	4: 0;	5: 3;	6: 6;	7: 2;	8: 3;	9: 0;	10: 2;	11: 3;	12: 7;	13: 1;	14: 2;	15: 1;	16: 2;	17: 1;	18: 3;	19: 6;	20: 1;	21: 7;	22: 6;	23: 8;	24: 8;	25: 2;	26: 6;	27: 2;	28: 1;	29: 6;	30: 9;	31: 6;	32: 0;	33: 1;	34: 1;	35: 8;	36: 9;	37: 8;	38: 1;	39: 0;	40: 1;	41: 1;	42: 8;	43: 6;	44
26098: 0;	26099: 8;	26100: 0;	26101: 2;	26102: 0;	26103: 4;	26104: 0;	26105: 8;	26106: 4;	26107: 8;	26108: 6;	26109: 1;	26110: 2;	26111: 7;	26112: 8;	26113: 1;	26114: 1;	26115: 8;	26116: 8;	26117: 6;	26118: 8;	26119: 8;	26120: 8;	26121: 8;	26122: 8;	26123: 2;	26124: 1;	26125: 1;	26126: 7;	26127: 7;	
2023-10-26 16:56:26,681:INFO::Validation loss decreased (1.297035 --> 1.264556).  Saving model ...
2023-10-26 16:56:26,687:INFO::Epoch: 4
tensor([[0.2495, 0.2533, 0.2502, 0.2471],
        [0.2528, 0.2559, 0.2457, 0.2456],
        [0.2489, 0.2474, 0.2524, 0.2512],
        [0.2528, 0.2483, 0.2536, 0.2453],
        [0.2526, 0.2452, 0.2517, 0.2505],
        [0.2461, 0.2464, 0.2538, 0.2538],
        [0.2480, 0.2495, 0.2521, 0.2504],
        [0.2445, 0.2549, 0.2496, 0.2510],
        [0.2507, 0.2496, 0.2501, 0.2496],
        [0.2497, 0.2514, 0.2488, 0.2501]], device='cuda:0',
       grad_fn=<SoftmaxBackward0>)
2023-10-26 16:56:29,708:INFO::save_dir_name: gat_darts_C10_useEM_coef0.3_Adam_gcn.ppnp.mean.one-hot_noTypeLinear_011_64_no_shared_ops_lr0.0005_wd0.0001_useSeed123_use_fixseeds_use_adam_patience-30_30
2023-10-26 16:56:29,711:INFO::Epoch 00004 | lr 0.00050 | Train_Loss 1.2597 | Val_Loss 1.2306 | Search Time(s) 2.3912 | Infer Time(s) 0.6353 | Time(s) 3.0265 
2023-10-26 16:56:32,681:INFO::Epoch: 4 Cluster_epoch: 0 gap_avg: 0.04841973033174285
2023-10-26 16:56:33,182:INFO::cluster info:
0: 3;	1: 3;	2: 2;	3: 3;	4: 8;	5: 3;	6: 4;	7: 2;	8: 8;	9: 8;	10: 3;	11: 6;	12: 7;	13: 1;	14: 2;	15: 1;	16: 2;	17: 1;	18: 3;	19: 6;	20: 9;	21: 7;	22: 6;	23: 8;	24: 8;	25: 2;	26: 6;	27: 8;	28: 1;	29: 6;	30: 9;	31: 6;	32: 0;	33: 4;	34: 1;	35: 7;	36: 8;	37: 8;	38: 1;	39: 0;	40: 1;	41: 1;	42: 8;	43: 6;	44
26098: 0;	26099: 0;	26100: 2;	26101: 0;	26102: 8;	26103: 4;	26104: 0;	26105: 8;	26106: 4;	26107: 8;	26108: 6;	26109: 1;	26110: 2;	26111: 7;	26112: 8;	26113: 1;	26114: 1;	26115: 8;	26116: 8;	26117: 6;	26118: 8;	26119: 8;	26120: 8;	26121: 8;	26122: 8;	26123: 2;	26124: 1;	26125: 1;	26126: 7;	26127: 7;	
2023-10-26 16:56:33,183:INFO::Validation loss decreased (1.264556 --> 1.230595).  Saving model ...
2023-10-26 16:56:33,190:INFO::Epoch: 5
tensor([[0.2499, 0.2534, 0.2501, 0.2465],
        [0.2540, 0.2576, 0.2443, 0.2441],
        [0.2487, 0.2492, 0.2517, 0.2504],
        [0.2520, 0.2486, 0.2548, 0.2447],
        [0.2526, 0.2445, 0.2525, 0.2504],
        [0.2458, 0.2462, 0.2541, 0.2539],
        [0.2485, 0.2512, 0.2511, 0.2493],
        [0.2430, 0.2558, 0.2495, 0.2518],
        [0.2506, 0.2514, 0.2493, 0.2487],
        [0.2497, 0.2516, 0.2486, 0.2501]], device='cuda:0',
       grad_fn=<SoftmaxBackward0>)
2023-10-26 16:56:36,571:INFO::save_dir_name: gat_darts_C10_useEM_coef0.3_Adam_gcn.ppnp.mean.one-hot_noTypeLinear_011_64_no_shared_ops_lr0.0005_wd0.0001_useSeed123_use_fixseeds_use_adam_patience-30_30
2023-10-26 16:56:36,574:INFO::Epoch 00005 | lr 0.00050 | Train_Loss 1.2357 | Val_Loss 1.1960 | Search Time(s) 2.3599 | Infer Time(s) 1.0273 | Time(s) 3.3871 
2023-10-26 16:56:37,261:INFO::Epoch: 5 Cluster_epoch: 0 gap_avg: 0.0500193286765119
2023-10-26 16:56:37,751:INFO::cluster info:
0: 4;	1: 3;	2: 2;	3: 3;	4: 8;	5: 3;	6: 4;	7: 2;	8: 8;	9: 8;	10: 3;	11: 6;	12: 7;	13: 1;	14: 2;	15: 5;	16: 0;	17: 1;	18: 3;	19: 6;	20: 9;	21: 2;	22: 3;	23: 8;	24: 8;	25: 8;	26: 4;	27: 8;	28: 1;	29: 6;	30: 4;	31: 6;	32: 0;	33: 1;	34: 1;	35: 1;	36: 9;	37: 8;	38: 1;	39: 0;	40: 9;	41: 1;	42: 8;	43: 6;	44
26098: 8;	26099: 8;	26100: 0;	26101: 3;	26102: 8;	26103: 4;	26104: 9;	26105: 8;	26106: 8;	26107: 8;	26108: 6;	26109: 1;	26110: 2;	26111: 7;	26112: 8;	26113: 1;	26114: 1;	26115: 8;	26116: 8;	26117: 6;	26118: 8;	26119: 8;	26120: 8;	26121: 9;	26122: 8;	26123: 2;	26124: 1;	26125: 1;	26126: 7;	26127: 7;	
2023-10-26 16:56:37,752:INFO::Validation loss decreased (1.230595 --> 1.196018).  Saving model ...
2023-10-26 16:56:37,758:INFO::Epoch: 6
tensor([[0.2503, 0.2535, 0.2504, 0.2458],
        [0.2541, 0.2600, 0.2431, 0.2428],
        [0.2491, 0.2506, 0.2510, 0.2493],
        [0.2505, 0.2498, 0.2558, 0.2439],
        [0.2525, 0.2440, 0.2526, 0.2509],
        [0.2454, 0.2461, 0.2545, 0.2539],
        [0.2488, 0.2533, 0.2499, 0.2480],
        [0.2419, 0.2574, 0.2494, 0.2514],
        [0.2505, 0.2536, 0.2484, 0.2475],
        [0.2493, 0.2505, 0.2498, 0.2505]], device='cuda:0',
       grad_fn=<SoftmaxBackward0>)
2023-10-26 16:56:40,801:INFO::save_dir_name: gat_darts_C10_useEM_coef0.3_Adam_gcn.ppnp.mean.one-hot_noTypeLinear_011_64_no_shared_ops_lr0.0005_wd0.0001_useSeed123_use_fixseeds_use_adam_patience-30_30
2023-10-26 16:56:40,805:INFO::Epoch 00006 | lr 0.00050 | Train_Loss 1.1990 | Val_Loss 1.1582 | Search Time(s) 2.3951 | Infer Time(s) 0.6534 | Time(s) 3.0485 
2023-10-26 16:56:41,388:INFO::Epoch: 6 Cluster_epoch: 0 gap_avg: 0.051555993392898236
2023-10-26 16:56:41,889:INFO::cluster info:
0: 4;	1: 3;	2: 2;	3: 3;	4: 8;	5: 3;	6: 0;	7: 7;	8: 9;	9: 6;	10: 3;	11: 6;	12: 7;	13: 1;	14: 7;	15: 1;	16: 3;	17: 1;	18: 3;	19: 6;	20: 9;	21: 2;	22: 3;	23: 8;	24: 8;	25: 8;	26: 8;	27: 8;	28: 1;	29: 6;	30: 1;	31: 6;	32: 0;	33: 1;	34: 1;	35: 2;	36: 8;	37: 8;	38: 1;	39: 0;	40: 1;	41: 1;	42: 8;	43: 6;	44
26098: 0;	26099: 8;	26100: 0;	26101: 0;	26102: 8;	26103: 4;	26104: 0;	26105: 8;	26106: 0;	26107: 8;	26108: 6;	26109: 1;	26110: 3;	26111: 7;	26112: 8;	26113: 1;	26114: 1;	26115: 8;	26116: 8;	26117: 6;	26118: 8;	26119: 8;	26120: 8;	26121: 9;	26122: 8;	26123: 2;	26124: 1;	26125: 1;	26126: 7;	26127: 7;	
2023-10-26 16:56:41,891:INFO::Validation loss decreased (1.196018 --> 1.158235).  Saving model ...
2023-10-26 16:56:41,899:INFO::Epoch: 7
tensor([[0.2510, 0.2534, 0.2509, 0.2447],
        [0.2546, 0.2622, 0.2418, 0.2415],
        [0.2490, 0.2520, 0.2496, 0.2494],
        [0.2494, 0.2520, 0.2556, 0.2430],
        [0.2523, 0.2436, 0.2535, 0.2506],
        [0.2454, 0.2461, 0.2548, 0.2537],
        [0.2484, 0.2559, 0.2488, 0.2470],
        [0.2410, 0.2585, 0.2496, 0.2509],
        [0.2504, 0.2554, 0.2480, 0.2462],
        [0.2488, 0.2499, 0.2507, 0.2507]], device='cuda:0',
       grad_fn=<SoftmaxBackward0>)
2023-10-26 16:56:44,885:INFO::save_dir_name: gat_darts_C10_useEM_coef0.3_Adam_gcn.ppnp.mean.one-hot_noTypeLinear_011_64_no_shared_ops_lr0.0005_wd0.0001_useSeed123_use_fixseeds_use_adam_patience-30_30
2023-10-26 16:56:44,888:INFO::Epoch 00007 | lr 0.00050 | Train_Loss 1.1936 | Val_Loss 1.1175 | Search Time(s) 2.3293 | Infer Time(s) 0.6642 | Time(s) 2.9936 
2023-10-26 16:56:45,441:INFO::Epoch: 7 Cluster_epoch: 0 gap_avg: 0.06333776866359778
2023-10-26 16:56:45,928:INFO::cluster info:
0: 6;	1: 3;	2: 2;	3: 3;	4: 8;	5: 3;	6: 0;	7: 8;	8: 3;	9: 0;	10: 3;	11: 6;	12: 7;	13: 1;	14: 3;	15: 1;	16: 3;	17: 1;	18: 3;	19: 6;	20: 9;	21: 7;	22: 3;	23: 8;	24: 0;	25: 8;	26: 3;	27: 2;	28: 1;	29: 6;	30: 5;	31: 7;	32: 0;	33: 1;	34: 1;	35: 6;	36: 8;	37: 4;	38: 1;	39: 8;	40: 1;	41: 1;	42: 2;	43: 6;	44
26098: 0;	26099: 8;	26100: 0;	26101: 8;	26102: 8;	26103: 9;	26104: 0;	26105: 5;	26106: 8;	26107: 8;	26108: 6;	26109: 1;	26110: 3;	26111: 7;	26112: 8;	26113: 1;	26114: 1;	26115: 8;	26116: 8;	26117: 6;	26118: 8;	26119: 8;	26120: 9;	26121: 9;	26122: 9;	26123: 2;	26124: 1;	26125: 1;	26126: 7;	26127: 7;	
2023-10-26 16:56:45,929:INFO::Validation loss decreased (1.158235 --> 1.117480).  Saving model ...
2023-10-26 16:56:45,935:INFO::Epoch: 8
tensor([[0.2507, 0.2530, 0.2528, 0.2435],
        [0.2559, 0.2641, 0.2401, 0.2399],
        [0.2503, 0.2533, 0.2481, 0.2483],
        [0.2485, 0.2536, 0.2561, 0.2419],
        [0.2516, 0.2438, 0.2544, 0.2502],
        [0.2459, 0.2461, 0.2543, 0.2538],
        [0.2492, 0.2578, 0.2475, 0.2455],
        [0.2398, 0.2602, 0.2496, 0.2504],
        [0.2500, 0.2579, 0.2469, 0.2452],
        [0.2480, 0.2480, 0.2519, 0.2521]], device='cuda:0',
       grad_fn=<SoftmaxBackward0>)
2023-10-26 16:56:49,016:INFO::save_dir_name: gat_darts_C10_useEM_coef0.3_Adam_gcn.ppnp.mean.one-hot_noTypeLinear_011_64_no_shared_ops_lr0.0005_wd0.0001_useSeed123_use_fixseeds_use_adam_patience-30_30
2023-10-26 16:56:49,052:INFO::Epoch 00008 | lr 0.00050 | Train_Loss 1.1465 | Val_Loss 1.0766 | Search Time(s) 2.3865 | Infer Time(s) 0.7001 | Time(s) 3.0866 
2023-10-26 16:56:49,615:INFO::Epoch: 8 Cluster_epoch: 0 gap_avg: 0.060461548749453795
2023-10-26 16:56:50,272:INFO::cluster info:
0: 3;	1: 9;	2: 9;	3: 3;	4: 8;	5: 3;	6: 6;	7: 8;	8: 3;	9: 8;	10: 3;	11: 7;	12: 7;	13: 5;	14: 0;	15: 5;	16: 3;	17: 5;	18: 3;	19: 6;	20: 9;	21: 7;	22: 3;	23: 8;	24: 8;	25: 0;	26: 3;	27: 2;	28: 1;	29: 6;	30: 9;	31: 3;	32: 0;	33: 5;	34: 1;	35: 2;	36: 9;	37: 4;	38: 1;	39: 8;	40: 1;	41: 1;	42: 2;	43: 6;	44
26098: 0;	26099: 8;	26100: 0;	26101: 2;	26102: 0;	26103: 9;	26104: 8;	26105: 8;	26106: 8;	26107: 8;	26108: 6;	26109: 1;	26110: 0;	26111: 7;	26112: 8;	26113: 1;	26114: 1;	26115: 8;	26116: 8;	26117: 6;	26118: 9;	26119: 9;	26120: 9;	26121: 9;	26122: 9;	26123: 2;	26124: 1;	26125: 1;	26126: 7;	26127: 7;	
2023-10-26 16:56:50,276:INFO::Validation loss decreased (1.117480 --> 1.076625).  Saving model ...
2023-10-26 16:56:50,286:INFO::Epoch: 9
tensor([[0.2503, 0.2519, 0.2545, 0.2433],
        [0.2557, 0.2666, 0.2390, 0.2387],
        [0.2522, 0.2535, 0.2467, 0.2476],
        [0.2470, 0.2555, 0.2570, 0.2405],
        [0.2511, 0.2445, 0.2548, 0.2496],
        [0.2463, 0.2461, 0.2544, 0.2532],
        [0.2505, 0.2598, 0.2459, 0.2438],
        [0.2383, 0.2619, 0.2512, 0.2487],
        [0.2495, 0.2606, 0.2457, 0.2442],
        [0.2469, 0.2463, 0.2530, 0.2537]], device='cuda:0',
       grad_fn=<SoftmaxBackward0>)
2023-10-26 16:56:53,355:INFO::save_dir_name: gat_darts_C10_useEM_coef0.3_Adam_gcn.ppnp.mean.one-hot_noTypeLinear_011_64_no_shared_ops_lr0.0005_wd0.0001_useSeed123_use_fixseeds_use_adam_patience-30_30
2023-10-26 16:56:53,360:INFO::Epoch 00009 | lr 0.00050 | Train_Loss 1.1120 | Val_Loss 1.0343 | Search Time(s) 2.4222 | Infer Time(s) 0.6563 | Time(s) 3.0785 
2023-10-26 16:56:53,975:INFO::Epoch: 9 Cluster_epoch: 0 gap_avg: 0.08387832097324144
2023-10-26 16:56:54,511:INFO::cluster info:
0: 3;	1: 0;	2: 0;	3: 3;	4: 8;	5: 3;	6: 0;	7: 8;	8: 3;	9: 6;	10: 3;	11: 3;	12: 7;	13: 5;	14: 0;	15: 1;	16: 8;	17: 1;	18: 3;	19: 6;	20: 9;	21: 7;	22: 3;	23: 8;	24: 8;	25: 2;	26: 6;	27: 8;	28: 1;	29: 3;	30: 9;	31: 6;	32: 0;	33: 1;	34: 4;	35: 7;	36: 9;	37: 4;	38: 5;	39: 8;	40: 1;	41: 1;	42: 2;	43: 6;	44
26098: 0;	26099: 8;	26100: 0;	26101: 8;	26102: 0;	26103: 0;	26104: 8;	26105: 9;	26106: 8;	26107: 4;	26108: 6;	26109: 1;	26110: 0;	26111: 7;	26112: 8;	26113: 1;	26114: 1;	26115: 8;	26116: 8;	26117: 6;	26118: 9;	26119: 9;	26120: 9;	26121: 9;	26122: 9;	26123: 2;	26124: 1;	26125: 1;	26126: 7;	26127: 7;	
2023-10-26 16:56:54,512:INFO::Validation loss decreased (1.076625 --> 1.034319).  Saving model ...
2023-10-26 16:56:54,524:INFO::Epoch: 10
tensor([[0.2496, 0.2509, 0.2572, 0.2424],
        [0.2562, 0.2687, 0.2377, 0.2374],
        [0.2541, 0.2549, 0.2449, 0.2462],
        [0.2457, 0.2574, 0.2579, 0.2389],
        [0.2498, 0.2458, 0.2564, 0.2480],
        [0.2463, 0.2461, 0.2549, 0.2527],
        [0.2513, 0.2621, 0.2444, 0.2422],
        [0.2369, 0.2629, 0.2523, 0.2478],
        [0.2494, 0.2624, 0.2450, 0.2432],
        [0.2450, 0.2454, 0.2544, 0.2552]], device='cuda:0',
       grad_fn=<SoftmaxBackward0>)
2023-10-26 16:56:57,869:INFO::save_dir_name: gat_darts_C10_useEM_coef0.3_Adam_gcn.ppnp.mean.one-hot_noTypeLinear_011_64_no_shared_ops_lr0.0005_wd0.0001_useSeed123_use_fixseeds_use_adam_patience-30_30
2023-10-26 16:56:57,873:INFO::Epoch 00010 | lr 0.00050 | Train_Loss 1.0524 | Val_Loss 0.9912 | Search Time(s) 2.5922 | Infer Time(s) 0.7640 | Time(s) 3.3561 
2023-10-26 16:56:58,630:INFO::Epoch: 10 Cluster_epoch: 0 gap_avg: 0.09489649784664768
2023-10-26 16:56:59,251:INFO::cluster info:
0: 6;	1: 0;	2: 2;	3: 3;	4: 8;	5: 0;	6: 9;	7: 8;	8: 3;	9: 8;	10: 3;	11: 3;	12: 7;	13: 5;	14: 0;	15: 1;	16: 3;	17: 1;	18: 3;	19: 6;	20: 9;	21: 2;	22: 3;	23: 8;	24: 3;	25: 2;	26: 3;	27: 2;	28: 5;	29: 3;	30: 9;	31: 6;	32: 0;	33: 1;	34: 1;	35: 7;	36: 9;	37: 5;	38: 5;	39: 8;	40: 1;	41: 1;	42: 0;	43: 6;	44
26098: 8;	26099: 8;	26100: 0;	26101: 0;	26102: 8;	26103: 9;	26104: 8;	26105: 5;	26106: 8;	26107: 8;	26108: 6;	26109: 1;	26110: 0;	26111: 7;	26112: 8;	26113: 1;	26114: 1;	26115: 9;	26116: 8;	26117: 6;	26118: 9;	26119: 9;	26120: 9;	26121: 9;	26122: 9;	26123: 2;	26124: 1;	26125: 1;	26126: 7;	26127: 7;	
2023-10-26 16:56:59,252:INFO::Validation loss decreased (1.034319 --> 0.991223).  Saving model ...
2023-10-26 16:56:59,260:INFO::Epoch: 11
tensor([[0.2494, 0.2514, 0.2564, 0.2429],
        [0.2571, 0.2706, 0.2363, 0.2360],
        [0.2560, 0.2565, 0.2428, 0.2446],
        [0.2442, 0.2594, 0.2583, 0.2381],
        [0.2486, 0.2467, 0.2575, 0.2472],
        [0.2467, 0.2461, 0.2550, 0.2522],
        [0.2518, 0.2648, 0.2428, 0.2407],
        [0.2355, 0.2630, 0.2537, 0.2478],
        [0.2496, 0.2642, 0.2442, 0.2421],
        [0.2425, 0.2443, 0.2561, 0.2571]], device='cuda:0',
       grad_fn=<SoftmaxBackward0>)
2023-10-26 16:57:02,705:INFO::save_dir_name: gat_darts_C10_useEM_coef0.3_Adam_gcn.ppnp.mean.one-hot_noTypeLinear_011_64_no_shared_ops_lr0.0005_wd0.0001_useSeed123_use_fixseeds_use_adam_patience-30_30
2023-10-26 16:57:02,710:INFO::Epoch 00011 | lr 0.00050 | Train_Loss 1.0330 | Val_Loss 0.9439 | Search Time(s) 2.7459 | Infer Time(s) 0.7071 | Time(s) 3.4530 
2023-10-26 16:57:03,269:INFO::Epoch: 11 Cluster_epoch: 0 gap_avg: 0.08336927761063806
2023-10-26 16:57:03,757:INFO::cluster info:
0: 3;	1: 0;	2: 2;	3: 3;	4: 8;	5: 0;	6: 0;	7: 0;	8: 6;	9: 8;	10: 9;	11: 6;	12: 7;	13: 9;	14: 0;	15: 1;	16: 3;	17: 1;	18: 3;	19: 6;	20: 9;	21: 2;	22: 3;	23: 8;	24: 0;	25: 2;	26: 8;	27: 2;	28: 5;	29: 3;	30: 9;	31: 6;	32: 7;	33: 5;	34: 5;	35: 7;	36: 9;	37: 4;	38: 1;	39: 8;	40: 9;	41: 1;	42: 7;	43: 3;	44
26098: 0;	26099: 8;	26100: 8;	26101: 8;	26102: 8;	26103: 8;	26104: 8;	26105: 5;	26106: 8;	26107: 0;	26108: 6;	26109: 5;	26110: 0;	26111: 7;	26112: 8;	26113: 1;	26114: 1;	26115: 9;	26116: 8;	26117: 6;	26118: 9;	26119: 9;	26120: 9;	26121: 9;	26122: 9;	26123: 2;	26124: 1;	26125: 1;	26126: 7;	26127: 0;	
2023-10-26 16:57:03,759:INFO::Validation loss decreased (0.991223 --> 0.943885).  Saving model ...
2023-10-26 16:57:03,764:INFO::Epoch: 12
tensor([[0.2483, 0.2529, 0.2559, 0.2429],
        [0.2582, 0.2729, 0.2346, 0.2342],
        [0.2577, 0.2579, 0.2412, 0.2432],
        [0.2423, 0.2613, 0.2601, 0.2364],
        [0.2478, 0.2476, 0.2583, 0.2464],
        [0.2471, 0.2460, 0.2552, 0.2517],
        [0.2533, 0.2668, 0.2410, 0.2389],
        [0.2349, 0.2635, 0.2546, 0.2470],
        [0.2498, 0.2653, 0.2436, 0.2412],
        [0.2406, 0.2422, 0.2580, 0.2591]], device='cuda:0',
       grad_fn=<SoftmaxBackward0>)
2023-10-26 16:57:06,704:INFO::save_dir_name: gat_darts_C10_useEM_coef0.3_Adam_gcn.ppnp.mean.one-hot_noTypeLinear_011_64_no_shared_ops_lr0.0005_wd0.0001_useSeed123_use_fixseeds_use_adam_patience-30_30
2023-10-26 16:57:06,707:INFO::Epoch 00012 | lr 0.00050 | Train_Loss 0.9774 | Val_Loss 0.8945 | Search Time(s) 2.3324 | Infer Time(s) 0.6127 | Time(s) 2.9451 
2023-10-26 16:57:07,263:INFO::Epoch: 12 Cluster_epoch: 0 gap_avg: 0.1097741753231867
2023-10-26 16:57:07,818:INFO::cluster info:
0: 3;	1: 8;	2: 2;	3: 3;	4: 0;	5: 0;	6: 7;	7: 8;	8: 3;	9: 8;	10: 0;	11: 3;	12: 7;	13: 9;	14: 0;	15: 5;	16: 6;	17: 1;	18: 0;	19: 6;	20: 9;	21: 2;	22: 3;	23: 8;	24: 8;	25: 7;	26: 3;	27: 7;	28: 9;	29: 6;	30: 9;	31: 6;	32: 8;	33: 1;	34: 5;	35: 7;	36: 9;	37: 4;	38: 5;	39: 8;	40: 5;	41: 1;	42: 7;	43: 3;	44
26098: 9;	26099: 8;	26100: 3;	26101: 8;	26102: 8;	26103: 0;	26104: 0;	26105: 1;	26106: 8;	26107: 8;	26108: 6;	26109: 9;	26110: 0;	26111: 7;	26112: 8;	26113: 1;	26114: 1;	26115: 7;	26116: 8;	26117: 6;	26118: 7;	26119: 7;	26120: 9;	26121: 9;	26122: 9;	26123: 2;	26124: 1;	26125: 1;	26126: 7;	26127: 7;	
2023-10-26 16:57:07,819:INFO::Validation loss decreased (0.943885 --> 0.894523).  Saving model ...
2023-10-26 16:57:07,831:INFO::Epoch: 13
tensor([[0.2472, 0.2539, 0.2559, 0.2431],
        [0.2601, 0.2748, 0.2329, 0.2323],
        [0.2598, 0.2582, 0.2398, 0.2422],
        [0.2412, 0.2629, 0.2613, 0.2346],
        [0.2471, 0.2475, 0.2604, 0.2450],
        [0.2462, 0.2472, 0.2551, 0.2514],
        [0.2551, 0.2685, 0.2392, 0.2373],
        [0.2341, 0.2650, 0.2552, 0.2457],
        [0.2505, 0.2658, 0.2431, 0.2406],
        [0.2390, 0.2400, 0.2599, 0.2611]], device='cuda:0',
       grad_fn=<SoftmaxBackward0>)
2023-10-26 16:57:11,016:INFO::save_dir_name: gat_darts_C10_useEM_coef0.3_Adam_gcn.ppnp.mean.one-hot_noTypeLinear_011_64_no_shared_ops_lr0.0005_wd0.0001_useSeed123_use_fixseeds_use_adam_patience-30_30
2023-10-26 16:57:11,020:INFO::Epoch 00013 | lr 0.00050 | Train_Loss 0.9615 | Val_Loss 0.8395 | Search Time(s) 2.5256 | Infer Time(s) 0.6704 | Time(s) 3.1960 
2023-10-26 16:57:11,582:INFO::Epoch: 13 Cluster_epoch: 0 gap_avg: 0.10644218839382083
2023-10-26 16:57:12,047:INFO::cluster info:
0: 3;	1: 8;	2: 7;	3: 3;	4: 7;	5: 0;	6: 0;	7: 8;	8: 3;	9: 8;	10: 3;	11: 3;	12: 7;	13: 9;	14: 8;	15: 5;	16: 3;	17: 1;	18: 0;	19: 6;	20: 0;	21: 7;	22: 3;	23: 8;	24: 8;	25: 2;	26: 6;	27: 7;	28: 9;	29: 0;	30: 9;	31: 6;	32: 7;	33: 1;	34: 5;	35: 2;	36: 0;	37: 9;	38: 1;	39: 8;	40: 5;	41: 1;	42: 7;	43: 6;	44
26098: 0;	26099: 8;	26100: 0;	26101: 0;	26102: 3;	26103: 3;	26104: 0;	26105: 4;	26106: 2;	26107: 8;	26108: 6;	26109: 9;	26110: 0;	26111: 7;	26112: 8;	26113: 1;	26114: 1;	26115: 0;	26116: 8;	26117: 6;	26118: 9;	26119: 9;	26120: 9;	26121: 5;	26122: 9;	26123: 2;	26124: 1;	26125: 1;	26126: 7;	26127: 7;	
2023-10-26 16:57:12,049:INFO::Validation loss decreased (0.894523 --> 0.839498).  Saving model ...
2023-10-26 16:57:12,057:INFO::Epoch: 14
tensor([[0.2454, 0.2546, 0.2566, 0.2434],
        [0.2608, 0.2760, 0.2320, 0.2312],
        [0.2619, 0.2592, 0.2382, 0.2407],
        [0.2397, 0.2638, 0.2635, 0.2330],
        [0.2466, 0.2484, 0.2611, 0.2439],
        [0.2458, 0.2470, 0.2557, 0.2515],
        [0.2573, 0.2698, 0.2374, 0.2355],
        [0.2327, 0.2671, 0.2553, 0.2449],
        [0.2513, 0.2656, 0.2431, 0.2400],
        [0.2380, 0.2389, 0.2607, 0.2624]], device='cuda:0',
       grad_fn=<SoftmaxBackward0>)
2023-10-26 16:57:15,039:INFO::save_dir_name: gat_darts_C10_useEM_coef0.3_Adam_gcn.ppnp.mean.one-hot_noTypeLinear_011_64_no_shared_ops_lr0.0005_wd0.0001_useSeed123_use_fixseeds_use_adam_patience-30_30
2023-10-26 16:57:15,043:INFO::Epoch 00014 | lr 0.00050 | Train_Loss 0.9181 | Val_Loss 0.7927 | Search Time(s) 2.3691 | Infer Time(s) 0.6211 | Time(s) 2.9902 
2023-10-26 16:57:15,656:INFO::Epoch: 14 Cluster_epoch: 0 gap_avg: 0.11613042197383987
2023-10-26 16:57:16,127:INFO::cluster info:
0: 2;	1: 0;	2: 7;	3: 3;	4: 0;	5: 0;	6: 3;	7: 8;	8: 3;	9: 8;	10: 3;	11: 6;	12: 2;	13: 9;	14: 8;	15: 1;	16: 3;	17: 1;	18: 3;	19: 6;	20: 0;	21: 7;	22: 3;	23: 8;	24: 8;	25: 7;	26: 3;	27: 0;	28: 5;	29: 3;	30: 9;	31: 6;	32: 7;	33: 4;	34: 1;	35: 7;	36: 0;	37: 5;	38: 5;	39: 8;	40: 9;	41: 1;	42: 7;	43: 6;	44
26098: 8;	26099: 8;	26100: 0;	26101: 2;	26102: 8;	26103: 6;	26104: 0;	26105: 9;	26106: 8;	26107: 8;	26108: 6;	26109: 9;	26110: 0;	26111: 7;	26112: 8;	26113: 1;	26114: 1;	26115: 9;	26116: 8;	26117: 6;	26118: 0;	26119: 0;	26120: 9;	26121: 5;	26122: 0;	26123: 2;	26124: 1;	26125: 1;	26126: 7;	26127: 7;	
2023-10-26 16:57:16,128:INFO::Validation loss decreased (0.839498 --> 0.792700).  Saving model ...
2023-10-26 16:57:16,136:INFO::Epoch: 15
tensor([[0.2437, 0.2565, 0.2553, 0.2445],
        [0.2621, 0.2773, 0.2307, 0.2299],
        [0.2639, 0.2607, 0.2365, 0.2389],
        [0.2380, 0.2654, 0.2652, 0.2314],
        [0.2461, 0.2505, 0.2612, 0.2422],
        [0.2473, 0.2465, 0.2567, 0.2496],
        [0.2594, 0.2713, 0.2356, 0.2337],
        [0.2325, 0.2691, 0.2543, 0.2440],
        [0.2523, 0.2653, 0.2431, 0.2393],
        [0.2361, 0.2372, 0.2626, 0.2641]], device='cuda:0',
       grad_fn=<SoftmaxBackward0>)
2023-10-26 16:57:18,994:INFO::save_dir_name: gat_darts_C10_useEM_coef0.3_Adam_gcn.ppnp.mean.one-hot_noTypeLinear_011_64_no_shared_ops_lr0.0005_wd0.0001_useSeed123_use_fixseeds_use_adam_patience-30_30
2023-10-26 16:57:18,999:INFO::Epoch 00015 | lr 0.00050 | Train_Loss 0.8756 | Val_Loss 0.7351 | Search Time(s) 2.2405 | Infer Time(s) 0.6253 | Time(s) 2.8658 
2023-10-26 16:57:19,527:INFO::Epoch: 15 Cluster_epoch: 0 gap_avg: 0.10595083680952655
2023-10-26 16:57:20,018:INFO::cluster info:
0: 8;	1: 0;	2: 7;	3: 3;	4: 8;	5: 0;	6: 3;	7: 8;	8: 3;	9: 8;	10: 3;	11: 6;	12: 7;	13: 9;	14: 8;	15: 1;	16: 7;	17: 1;	18: 0;	19: 6;	20: 0;	21: 2;	22: 3;	23: 8;	24: 8;	25: 7;	26: 3;	27: 7;	28: 9;	29: 3;	30: 0;	31: 6;	32: 0;	33: 4;	34: 1;	35: 7;	36: 0;	37: 9;	38: 5;	39: 8;	40: 5;	41: 1;	42: 7;	43: 6;	44
26098: 2;	26099: 8;	26100: 8;	26101: 0;	26102: 8;	26103: 0;	26104: 8;	26105: 4;	26106: 0;	26107: 8;	26108: 6;	26109: 7;	26110: 8;	26111: 7;	26112: 8;	26113: 1;	26114: 1;	26115: 0;	26116: 8;	26117: 6;	26118: 0;	26119: 0;	26120: 0;	26121: 5;	26122: 0;	26123: 2;	26124: 1;	26125: 1;	26126: 7;	26127: 7;	
2023-10-26 16:57:20,019:INFO::Validation loss decreased (0.792700 --> 0.735081).  Saving model ...
2023-10-26 16:57:20,026:INFO::Epoch: 16
tensor([[0.2416, 0.2596, 0.2545, 0.2443],
        [0.2626, 0.2789, 0.2297, 0.2288],
        [0.2659, 0.2622, 0.2347, 0.2372],
        [0.2365, 0.2672, 0.2666, 0.2297],
        [0.2455, 0.2520, 0.2617, 0.2408],
        [0.2477, 0.2469, 0.2575, 0.2478],
        [0.2614, 0.2728, 0.2338, 0.2320],
        [0.2322, 0.2718, 0.2534, 0.2426],
        [0.2539, 0.2650, 0.2426, 0.2385],
        [0.2347, 0.2372, 0.2637, 0.2644]], device='cuda:0',
       grad_fn=<SoftmaxBackward0>)
2023-10-26 16:57:22,861:INFO::save_dir_name: gat_darts_C10_useEM_coef0.3_Adam_gcn.ppnp.mean.one-hot_noTypeLinear_011_64_no_shared_ops_lr0.0005_wd0.0001_useSeed123_use_fixseeds_use_adam_patience-30_30
2023-10-26 16:57:22,864:INFO::Epoch 00016 | lr 0.00050 | Train_Loss 0.7942 | Val_Loss 0.6752 | Search Time(s) 2.2257 | Infer Time(s) 0.6159 | Time(s) 2.8415 
2023-10-26 16:57:23,375:INFO::Epoch: 16 Cluster_epoch: 0 gap_avg: 0.16200698408004185
2023-10-26 16:57:23,851:INFO::cluster info:
0: 0;	1: 0;	2: 2;	3: 8;	4: 0;	5: 0;	6: 0;	7: 0;	8: 3;	9: 8;	10: 3;	11: 3;	12: 2;	13: 0;	14: 8;	15: 1;	16: 3;	17: 1;	18: 0;	19: 6;	20: 7;	21: 2;	22: 3;	23: 8;	24: 8;	25: 7;	26: 3;	27: 8;	28: 5;	29: 3;	30: 0;	31: 6;	32: 0;	33: 1;	34: 5;	35: 7;	36: 0;	37: 9;	38: 5;	39: 8;	40: 5;	41: 1;	42: 7;	43: 3;	44
26098: 7;	26099: 8;	26100: 3;	26101: 0;	26102: 8;	26103: 8;	26104: 0;	26105: 0;	26106: 0;	26107: 8;	26108: 6;	26109: 9;	26110: 8;	26111: 7;	26112: 8;	26113: 1;	26114: 1;	26115: 0;	26116: 8;	26117: 6;	26118: 0;	26119: 0;	26120: 0;	26121: 5;	26122: 0;	26123: 2;	26124: 1;	26125: 1;	26126: 7;	26127: 7;	
2023-10-26 16:57:23,853:INFO::Validation loss decreased (0.735081 --> 0.675196).  Saving model ...
2023-10-26 16:57:23,860:INFO::Epoch: 17
tensor([[0.2395, 0.2630, 0.2548, 0.2427],
        [0.2634, 0.2801, 0.2288, 0.2277],
        [0.2676, 0.2641, 0.2329, 0.2354],
        [0.2351, 0.2689, 0.2684, 0.2276],
        [0.2448, 0.2528, 0.2626, 0.2398],
        [0.2497, 0.2447, 0.2586, 0.2470],
        [0.2635, 0.2742, 0.2319, 0.2303],
        [0.2319, 0.2746, 0.2524, 0.2411],
        [0.2556, 0.2646, 0.2417, 0.2380],
        [0.2330, 0.2371, 0.2652, 0.2646]], device='cuda:0',
       grad_fn=<SoftmaxBackward0>)
2023-10-26 16:57:26,761:INFO::save_dir_name: gat_darts_C10_useEM_coef0.3_Adam_gcn.ppnp.mean.one-hot_noTypeLinear_011_64_no_shared_ops_lr0.0005_wd0.0001_useSeed123_use_fixseeds_use_adam_patience-30_30
2023-10-26 16:57:26,772:INFO::Epoch 00017 | lr 0.00050 | Train_Loss 0.7807 | Val_Loss 0.6233 | Search Time(s) 2.2343 | Infer Time(s) 0.6742 | Time(s) 2.9085 
2023-10-26 16:57:27,323:INFO::Epoch: 17 Cluster_epoch: 0 gap_avg: 0.1764252992033925
2023-10-26 16:57:27,814:INFO::cluster info:
0: 3;	1: 0;	2: 2;	3: 8;	4: 8;	5: 3;	6: 0;	7: 7;	8: 0;	9: 8;	10: 0;	11: 0;	12: 7;	13: 9;	14: 8;	15: 1;	16: 3;	17: 4;	18: 0;	19: 6;	20: 7;	21: 2;	22: 6;	23: 8;	24: 8;	25: 7;	26: 6;	27: 7;	28: 9;	29: 6;	30: 9;	31: 6;	32: 0;	33: 1;	34: 1;	35: 7;	36: 0;	37: 9;	38: 5;	39: 8;	40: 5;	41: 1;	42: 7;	43: 6;	44
26098: 0;	26099: 8;	26100: 8;	26101: 8;	26102: 0;	26103: 8;	26104: 0;	26105: 9;	26106: 0;	26107: 0;	26108: 6;	26109: 9;	26110: 8;	26111: 7;	26112: 8;	26113: 1;	26114: 1;	26115: 0;	26116: 8;	26117: 6;	26118: 0;	26119: 0;	26120: 0;	26121: 5;	26122: 0;	26123: 2;	26124: 1;	26125: 1;	26126: 7;	26127: 7;	
2023-10-26 16:57:27,814:INFO::Validation loss decreased (0.675196 --> 0.623282).  Saving model ...
2023-10-26 16:57:27,820:INFO::Epoch: 18
tensor([[0.2378, 0.2672, 0.2541, 0.2409],
        [0.2637, 0.2808, 0.2284, 0.2271],
        [0.2697, 0.2655, 0.2311, 0.2336],
        [0.2336, 0.2702, 0.2707, 0.2255],
        [0.2441, 0.2533, 0.2635, 0.2391],
        [0.2505, 0.2438, 0.2595, 0.2462],
        [0.2656, 0.2757, 0.2301, 0.2287],
        [0.2319, 0.2765, 0.2518, 0.2397],
        [0.2572, 0.2648, 0.2409, 0.2371],
        [0.2320, 0.2384, 0.2653, 0.2642]], device='cuda:0',
       grad_fn=<SoftmaxBackward0>)
2023-10-26 16:57:30,921:INFO::save_dir_name: gat_darts_C10_useEM_coef0.3_Adam_gcn.ppnp.mean.one-hot_noTypeLinear_011_64_no_shared_ops_lr0.0005_wd0.0001_useSeed123_use_fixseeds_use_adam_patience-30_30
2023-10-26 16:57:30,924:INFO::Epoch 00018 | lr 0.00050 | Train_Loss 0.7356 | Val_Loss 0.5749 | Search Time(s) 2.4610 | Infer Time(s) 0.6459 | Time(s) 3.1069 
2023-10-26 16:57:31,523:INFO::Epoch: 18 Cluster_epoch: 0 gap_avg: 0.2055656841161538
2023-10-26 16:57:32,058:INFO::cluster info:
0: 3;	1: 8;	2: 2;	3: 3;	4: 0;	5: 3;	6: 0;	7: 8;	8: 0;	9: 8;	10: 0;	11: 0;	12: 7;	13: 0;	14: 8;	15: 1;	16: 8;	17: 1;	18: 8;	19: 6;	20: 7;	21: 2;	22: 6;	23: 8;	24: 8;	25: 7;	26: 6;	27: 7;	28: 9;	29: 6;	30: 0;	31: 3;	32: 0;	33: 4;	34: 1;	35: 7;	36: 0;	37: 0;	38: 9;	39: 8;	40: 5;	41: 1;	42: 7;	43: 3;	44
26098: 7;	26099: 8;	26100: 0;	26101: 0;	26102: 8;	26103: 0;	26104: 0;	26105: 4;	26106: 8;	26107: 0;	26108: 6;	26109: 7;	26110: 8;	26111: 2;	26112: 8;	26113: 1;	26114: 1;	26115: 0;	26116: 8;	26117: 6;	26118: 0;	26119: 0;	26120: 0;	26121: 5;	26122: 0;	26123: 2;	26124: 1;	26125: 1;	26126: 7;	26127: 7;	
2023-10-26 16:57:32,059:INFO::Validation loss decreased (0.623282 --> 0.574880).  Saving model ...
2023-10-26 16:57:32,066:INFO::Epoch: 19
tensor([[0.2356, 0.2695, 0.2551, 0.2398],
        [0.2632, 0.2810, 0.2287, 0.2271],
        [0.2726, 0.2669, 0.2291, 0.2314],
        [0.2336, 0.2710, 0.2720, 0.2235],
        [0.2437, 0.2542, 0.2635, 0.2386],
        [0.2500, 0.2447, 0.2602, 0.2452],
        [0.2677, 0.2770, 0.2283, 0.2269],
        [0.2322, 0.2783, 0.2513, 0.2383],
        [0.2589, 0.2640, 0.2409, 0.2362],
        [0.2316, 0.2403, 0.2644, 0.2637]], device='cuda:0',
       grad_fn=<SoftmaxBackward0>)
2023-10-26 16:57:35,115:INFO::save_dir_name: gat_darts_C10_useEM_coef0.3_Adam_gcn.ppnp.mean.one-hot_noTypeLinear_011_64_no_shared_ops_lr0.0005_wd0.0001_useSeed123_use_fixseeds_use_adam_patience-30_30
2023-10-26 16:57:35,119:INFO::Epoch 00019 | lr 0.00050 | Train_Loss 0.6935 | Val_Loss 0.5325 | Search Time(s) 2.3423 | Infer Time(s) 0.7140 | Time(s) 3.0563 
2023-10-26 16:57:35,699:INFO::Epoch: 19 Cluster_epoch: 0 gap_avg: 0.1635799304262327
2023-10-26 16:57:36,198:INFO::cluster info:
0: 3;	1: 8;	2: 7;	3: 3;	4: 8;	5: 3;	6: 3;	7: 8;	8: 0;	9: 8;	10: 0;	11: 3;	12: 2;	13: 9;	14: 8;	15: 1;	16: 3;	17: 1;	18: 8;	19: 6;	20: 7;	21: 2;	22: 3;	23: 8;	24: 8;	25: 7;	26: 3;	27: 7;	28: 9;	29: 6;	30: 9;	31: 6;	32: 0;	33: 1;	34: 5;	35: 7;	36: 0;	37: 0;	38: 5;	39: 8;	40: 9;	41: 1;	42: 7;	43: 6;	44
26098: 0;	26099: 8;	26100: 0;	26101: 0;	26102: 8;	26103: 0;	26104: 0;	26105: 4;	26106: 8;	26107: 8;	26108: 6;	26109: 9;	26110: 0;	26111: 2;	26112: 8;	26113: 1;	26114: 1;	26115: 8;	26116: 8;	26117: 6;	26118: 0;	26119: 0;	26120: 0;	26121: 5;	26122: 0;	26123: 2;	26124: 1;	26125: 1;	26126: 7;	26127: 7;	
2023-10-26 16:57:36,199:INFO::Validation loss decreased (0.574880 --> 0.532539).  Saving model ...
2023-10-26 16:57:36,207:INFO::Epoch: 20
tensor([[0.2337, 0.2728, 0.2552, 0.2383],
        [0.2629, 0.2807, 0.2291, 0.2273],
        [0.2745, 0.2686, 0.2273, 0.2296],
        [0.2337, 0.2716, 0.2731, 0.2215],
        [0.2436, 0.2547, 0.2638, 0.2379],
        [0.2497, 0.2436, 0.2609, 0.2458],
        [0.2700, 0.2783, 0.2265, 0.2252],
        [0.2319, 0.2809, 0.2504, 0.2369],
        [0.2606, 0.2636, 0.2405, 0.2353],
        [0.2306, 0.2424, 0.2635, 0.2634]], device='cuda:0',
       grad_fn=<SoftmaxBackward0>)
2023-10-26 16:57:39,268:INFO::save_dir_name: gat_darts_C10_useEM_coef0.3_Adam_gcn.ppnp.mean.one-hot_noTypeLinear_011_64_no_shared_ops_lr0.0005_wd0.0001_useSeed123_use_fixseeds_use_adam_patience-30_30
2023-10-26 16:57:39,271:INFO::Epoch 00020 | lr 0.00050 | Train_Loss 0.6452 | Val_Loss 0.4923 | Search Time(s) 2.3872 | Infer Time(s) 0.6812 | Time(s) 3.0684 
2023-10-26 16:57:39,949:INFO::Epoch: 20 Cluster_epoch: 0 gap_avg: 0.17612875206363557
2023-10-26 16:57:40,619:INFO::cluster info:
0: 3;	1: 8;	2: 2;	3: 3;	4: 8;	5: 0;	6: 6;	7: 8;	8: 3;	9: 8;	10: 0;	11: 3;	12: 7;	13: 0;	14: 8;	15: 1;	16: 7;	17: 1;	18: 8;	19: 6;	20: 0;	21: 2;	22: 3;	23: 8;	24: 0;	25: 7;	26: 6;	27: 7;	28: 0;	29: 0;	30: 9;	31: 6;	32: 0;	33: 1;	34: 4;	35: 2;	36: 0;	37: 0;	38: 5;	39: 0;	40: 9;	41: 1;	42: 7;	43: 6;	44
26098: 8;	26099: 8;	26100: 8;	26101: 8;	26102: 8;	26103: 8;	26104: 8;	26105: 9;	26106: 8;	26107: 8;	26108: 6;	26109: 9;	26110: 8;	26111: 2;	26112: 8;	26113: 1;	26114: 1;	26115: 8;	26116: 8;	26117: 6;	26118: 0;	26119: 0;	26120: 0;	26121: 5;	26122: 0;	26123: 2;	26124: 1;	26125: 1;	26126: 7;	26127: 7;	
2023-10-26 16:57:40,620:INFO::Validation loss decreased (0.532539 --> 0.492268).  Saving model ...
2023-10-26 16:57:40,627:INFO::Epoch: 21
tensor([[0.2323, 0.2756, 0.2557, 0.2365],
        [0.2621, 0.2803, 0.2298, 0.2277],
        [0.2767, 0.2704, 0.2252, 0.2277],
        [0.2344, 0.2713, 0.2748, 0.2194],
        [0.2441, 0.2540, 0.2633, 0.2385],
        [0.2502, 0.2408, 0.2622, 0.2469],
        [0.2723, 0.2798, 0.2245, 0.2234],
        [0.2314, 0.2828, 0.2506, 0.2352],
        [0.2616, 0.2631, 0.2407, 0.2347],
        [0.2291, 0.2435, 0.2637, 0.2636]], device='cuda:0',
       grad_fn=<SoftmaxBackward0>)
2023-10-26 16:57:43,784:INFO::save_dir_name: gat_darts_C10_useEM_coef0.3_Adam_gcn.ppnp.mean.one-hot_noTypeLinear_011_64_no_shared_ops_lr0.0005_wd0.0001_useSeed123_use_fixseeds_use_adam_patience-30_30
2023-10-26 16:57:43,792:INFO::Epoch 00021 | lr 0.00050 | Train_Loss 0.6267 | Val_Loss 0.4524 | Search Time(s) 2.4988 | Infer Time(s) 0.6658 | Time(s) 3.1645 
2023-10-26 16:57:44,393:INFO::Epoch: 21 Cluster_epoch: 0 gap_avg: 0.2049385390190169
2023-10-26 16:57:44,962:INFO::cluster info:
0: 6;	1: 0;	2: 7;	3: 3;	4: 8;	5: 8;	6: 6;	7: 8;	8: 3;	9: 8;	10: 0;	11: 3;	12: 7;	13: 0;	14: 8;	15: 1;	16: 3;	17: 4;	18: 8;	19: 6;	20: 0;	21: 7;	22: 3;	23: 8;	24: 8;	25: 7;	26: 3;	27: 0;	28: 9;	29: 6;	30: 9;	31: 6;	32: 0;	33: 1;	34: 1;	35: 7;	36: 0;	37: 0;	38: 5;	39: 8;	40: 5;	41: 1;	42: 7;	43: 6;	44
26098: 8;	26099: 8;	26100: 8;	26101: 8;	26102: 0;	26103: 8;	26104: 8;	26105: 0;	26106: 8;	26107: 0;	26108: 6;	26109: 9;	26110: 0;	26111: 2;	26112: 8;	26113: 5;	26114: 1;	26115: 8;	26116: 8;	26117: 6;	26118: 0;	26119: 0;	26120: 0;	26121: 5;	26122: 8;	26123: 2;	26124: 1;	26125: 1;	26126: 7;	26127: 7;	
2023-10-26 16:57:44,963:INFO::Validation loss decreased (0.492268 --> 0.452440).  Saving model ...
2023-10-26 16:57:44,971:INFO::Epoch: 22
tensor([[0.2310, 0.2786, 0.2557, 0.2348],
        [0.2607, 0.2801, 0.2308, 0.2284],
        [0.2786, 0.2717, 0.2237, 0.2260],
        [0.2346, 0.2717, 0.2765, 0.2172],
        [0.2441, 0.2537, 0.2632, 0.2389],
        [0.2505, 0.2372, 0.2640, 0.2483],
        [0.2744, 0.2814, 0.2226, 0.2216],
        [0.2314, 0.2835, 0.2508, 0.2342],
        [0.2626, 0.2635, 0.2402, 0.2337],
        [0.2283, 0.2447, 0.2634, 0.2636]], device='cuda:0',
       grad_fn=<SoftmaxBackward0>)
2023-10-26 16:57:48,052:INFO::save_dir_name: gat_darts_C10_useEM_coef0.3_Adam_gcn.ppnp.mean.one-hot_noTypeLinear_011_64_no_shared_ops_lr0.0005_wd0.0001_useSeed123_use_fixseeds_use_adam_patience-30_30
2023-10-26 16:57:48,055:INFO::Epoch 00022 | lr 0.00050 | Train_Loss 0.6030 | Val_Loss 0.4169 | Search Time(s) 2.4500 | Infer Time(s) 0.6383 | Time(s) 3.0883 
2023-10-26 16:57:48,604:INFO::Epoch: 22 Cluster_epoch: 0 gap_avg: 0.11979445929302587
2023-10-26 16:57:49,071:INFO::cluster info:
