2023-10-26 21:28:49,725:INFO::=============== Search Args:
Namespace(dataset='DBLP', feats_type=6, gnn_model='gat', valid_attributed_type=1, cluster_num=10, cluster_eps=1e-05, att_comp_dim=64, hidden_dim=64, num_heads=8, attn_vec_dim=128, search_epoch=350, retrain_epoch=500, inner_epoch=1, patience_search=30, patience_retrain=30, batch_size=8, batch_size_test=32, momentum=0.9, lr=0.0005, lr_rate_min=3e-05, num_layers=2, dropout=0.5, weight_decay=0.0001, slope=0.05, grad_clip=5, network_momentum=0.9, arch_learning_rate=0.005, arch_weight_decay=1e-05, repeat=5, cluster_epoch=1, save_postfix='DBLP', feats_opt='1011', cuda=False, unrolled=False, useSGD=False, useTypeLinear=False, l2norm=False, cluster_norm=False, usedropout=False, is_unrolled='False', is_use_type_linear='False', is_use_SGD='False', is_use_dropout='False', time_line='2023-10-26-21-28-49', edge_feats=64, warmup_epoch=0, clusterupdate_round=1, searcher_name='darts', rnn_type='RotatE0', neighbor_samples=100, use_minibatch=False, shared_ops=False, e_greedy=0, usebn=False, seed=123, use_5seeds=False, no_use_fixseeds=False, use_dmon=False, collapse_regularization=0.1, dmon_loss_alpha=0.3, tau=1.0, schedule_step=350, schedule_step_retrain=500, use_norm=False, use_adamw=False, use_skip=False, last_hidden_dim=512, logger=<Logger log_output (INFO)>)
2023-10-26 21:29:12,876:INFO::node_type_num: 4
2023-10-26 21:29:25,208:INFO::=============== Prepare basic data stage finish, use 35.48217487335205 time.
2023-10-26 21:29:41,981:INFO::save_dir_name: gat_darts_C10_useEM_coef0.3_Adam_gcn.ppnp.mean.one-hot_noTypeLinear_011_64_no_shared_ops_lr0.0005_wd0.0001_useSeed123_use_fixseeds_use_adam_patience-30_30
2023-10-26 21:29:46,864:INFO::Epoch: 0
tensor([[0.2497, 0.2500, 0.2502, 0.2501],
        [0.2504, 0.2500, 0.2495, 0.2501],
        [0.2498, 0.2500, 0.2501, 0.2501],
        [0.2502, 0.2502, 0.2501, 0.2495],
        [0.2499, 0.2498, 0.2503, 0.2500],
        [0.2497, 0.2500, 0.2500, 0.2503],
        [0.2499, 0.2498, 0.2499, 0.2504],
        [0.2498, 0.2499, 0.2499, 0.2504],
        [0.2500, 0.2502, 0.2501, 0.2497],
        [0.2505, 0.2499, 0.2497, 0.2499]], device='cuda:0',
       grad_fn=<SoftmaxBackward0>)
2023-10-26 21:30:08,198:INFO::save_dir_name: gat_darts_C10_useEM_coef0.3_Adam_gcn.ppnp.mean.one-hot_noTypeLinear_011_64_no_shared_ops_lr0.0005_wd0.0001_useSeed123_use_fixseeds_use_adam_patience-30_30
2023-10-26 21:30:08,886:INFO::Epoch 00000 | lr 0.00050 | Train_Loss 1.3866 | Val_Loss 1.3664 | Search Time(s) 24.3685 | Infer Time(s) 0.5685 | Time(s) 24.9370 
2023-10-26 21:30:12,539:INFO::cluster info:
0: 7;	1: 7;	2: 7;	3: 6;	4: 8;	5: 6;	6: 7;	7: 0;	8: 2;	9: 0;	10: 6;	11: 9;	12: 0;	13: 7;	14: 6;	15: 0;	16: 2;	17: 1;	18: 7;	19: 7;	20: 3;	21: 3;	22: 7;	23: 2;	24: 2;	25: 2;	26: 4;	27: 0;	28: 6;	29: 4;	30: 2;	31: 6;	32: 4;	33: 5;	34: 9;	35: 9;	36: 1;	37: 1;	38: 1;	39: 7;	40: 1;	41: 1;	42: 8;	43: 7;	44
26098: 0;	26099: 8;	26100: 0;	26101: 0;	26102: 9;	26103: 7;	26104: 0;	26105: 0;	26106: 6;	26107: 6;	26108: 6;	26109: 1;	26110: 6;	26111: 7;	26112: 9;	26113: 6;	26114: 1;	26115: 0;	26116: 4;	26117: 6;	26118: 8;	26119: 7;	26120: 2;	26121: 0;	26122: 6;	26123: 2;	26124: 5;	26125: 1;	26126: 7;	26127: 0;	
2023-10-26 21:30:12,921:INFO::Epoch: 1
tensor([[0.2490, 0.2494, 0.2521, 0.2495],
        [0.2497, 0.2519, 0.2489, 0.2494],
        [0.2485, 0.2487, 0.2514, 0.2514],
        [0.2514, 0.2490, 0.2513, 0.2483],
        [0.2512, 0.2485, 0.2490, 0.2513],
        [0.2485, 0.2487, 0.2512, 0.2516],
        [0.2505, 0.2480, 0.2505, 0.2511],
        [0.2492, 0.2518, 0.2493, 0.2497],
        [0.2519, 0.2496, 0.2495, 0.2491],
        [0.2486, 0.2505, 0.2503, 0.2505]], device='cuda:0',
       grad_fn=<SoftmaxBackward0>)
2023-10-26 21:30:15,547:INFO::save_dir_name: gat_darts_C10_useEM_coef0.3_Adam_gcn.ppnp.mean.one-hot_noTypeLinear_011_64_no_shared_ops_lr0.0005_wd0.0001_useSeed123_use_fixseeds_use_adam_patience-30_30
2023-10-26 21:30:15,550:INFO::Epoch 00001 | lr 0.00050 | Train_Loss 1.3673 | Val_Loss 1.3346 | Search Time(s) 2.4485 | Infer Time(s) 0.4963 | Time(s) 2.9448 
2023-10-26 21:30:16,228:INFO::Epoch: 1 Cluster_epoch: 0 gap_avg: 0.06311530555355081
2023-10-26 21:30:16,716:INFO::cluster info:
0: 9;	1: 2;	2: 2;	3: 6;	4: 8;	5: 3;	6: 6;	7: 2;	8: 8;	9: 4;	10: 9;	11: 3;	12: 7;	13: 7;	14: 6;	15: 1;	16: 2;	17: 1;	18: 4;	19: 6;	20: 1;	21: 9;	22: 6;	23: 2;	24: 8;	25: 2;	26: 6;	27: 2;	28: 1;	29: 3;	30: 8;	31: 3;	32: 7;	33: 1;	34: 1;	35: 9;	36: 3;	37: 7;	38: 1;	39: 4;	40: 1;	41: 1;	42: 8;	43: 6;	44
26098: 0;	26099: 8;	26100: 2;	26101: 0;	26102: 5;	26103: 9;	26104: 0;	26105: 0;	26106: 0;	26107: 8;	26108: 6;	26109: 1;	26110: 2;	26111: 7;	26112: 8;	26113: 1;	26114: 1;	26115: 0;	26116: 8;	26117: 6;	26118: 8;	26119: 7;	26120: 7;	26121: 8;	26122: 8;	26123: 2;	26124: 1;	26125: 1;	26126: 7;	26127: 8;	
2023-10-26 21:30:16,717:INFO::Validation loss decreased (inf --> 1.334603).  Saving model ...
2023-10-26 21:30:16,722:INFO::Epoch: 2
tensor([[0.2497, 0.2506, 0.2514, 0.2483],
        [0.2505, 0.2530, 0.2481, 0.2484],
        [0.2484, 0.2480, 0.2515, 0.2520],
        [0.2523, 0.2478, 0.2527, 0.2472],
        [0.2524, 0.2472, 0.2488, 0.2516],
        [0.2472, 0.2474, 0.2525, 0.2528],
        [0.2494, 0.2478, 0.2516, 0.2512],
        [0.2475, 0.2526, 0.2495, 0.2504],
        [0.2514, 0.2484, 0.2504, 0.2498],
        [0.2497, 0.2499, 0.2497, 0.2507]], device='cuda:0',
       grad_fn=<SoftmaxBackward0>)
2023-10-26 21:30:19,325:INFO::save_dir_name: gat_darts_C10_useEM_coef0.3_Adam_gcn.ppnp.mean.one-hot_noTypeLinear_011_64_no_shared_ops_lr0.0005_wd0.0001_useSeed123_use_fixseeds_use_adam_patience-30_30
2023-10-26 21:30:19,349:INFO::Epoch 00002 | lr 0.00050 | Train_Loss 1.3390 | Val_Loss 1.2970 | Search Time(s) 2.0281 | Infer Time(s) 0.5804 | Time(s) 2.6085 
2023-10-26 21:30:19,913:INFO::Epoch: 2 Cluster_epoch: 0 gap_avg: 0.05478905311473511
2023-10-26 21:30:20,386:INFO::cluster info:
0: 6;	1: 2;	2: 2;	3: 3;	4: 0;	5: 3;	6: 6;	7: 2;	8: 9;	9: 4;	10: 6;	11: 3;	12: 7;	13: 8;	14: 2;	15: 7;	16: 2;	17: 1;	18: 3;	19: 6;	20: 1;	21: 2;	22: 6;	23: 2;	24: 8;	25: 2;	26: 6;	27: 2;	28: 1;	29: 6;	30: 8;	31: 6;	32: 7;	33: 1;	34: 1;	35: 7;	36: 1;	37: 7;	38: 1;	39: 0;	40: 1;	41: 1;	42: 8;	43: 6;	44
26098: 0;	26099: 8;	26100: 2;	26101: 2;	26102: 0;	26103: 0;	26104: 0;	26105: 5;	26106: 1;	26107: 0;	26108: 6;	26109: 1;	26110: 2;	26111: 7;	26112: 8;	26113: 1;	26114: 1;	26115: 8;	26116: 8;	26117: 6;	26118: 8;	26119: 7;	26120: 7;	26121: 8;	26122: 8;	26123: 2;	26124: 1;	26125: 1;	26126: 7;	26127: 7;	
2023-10-26 21:30:20,387:INFO::Validation loss decreased (1.334603 --> 1.297035).  Saving model ...
2023-10-26 21:30:20,393:INFO::Epoch: 3
tensor([[0.2495, 0.2523, 0.2509, 0.2472],
        [0.2518, 0.2543, 0.2469, 0.2471],
        [0.2493, 0.2468, 0.2523, 0.2516],
        [0.2534, 0.2477, 0.2529, 0.2460],
        [0.2526, 0.2462, 0.2502, 0.2510],
        [0.2466, 0.2468, 0.2532, 0.2535],
        [0.2488, 0.2481, 0.2523, 0.2508],
        [0.2458, 0.2537, 0.2496, 0.2509],
        [0.2510, 0.2485, 0.2507, 0.2498],
        [0.2498, 0.2509, 0.2492, 0.2500]], device='cuda:0',
       grad_fn=<SoftmaxBackward0>)
2023-10-26 21:30:23,115:INFO::save_dir_name: gat_darts_C10_useEM_coef0.3_Adam_gcn.ppnp.mean.one-hot_noTypeLinear_011_64_no_shared_ops_lr0.0005_wd0.0001_useSeed123_use_fixseeds_use_adam_patience-30_30
2023-10-26 21:30:23,253:INFO::Epoch 00003 | lr 0.00050 | Train_Loss 1.3110 | Val_Loss 1.2646 | Search Time(s) 2.1220 | Infer Time(s) 0.6064 | Time(s) 2.7284 
2023-10-26 21:30:23,945:INFO::Epoch: 3 Cluster_epoch: 0 gap_avg: 0.05347580757512109
