2024-06-23 14:29:20,897:INFO::=============== Search Args:
Namespace(dataset='IMDB', feats_type=6, gnn_model='gat', valid_attributed_type=0, cluster_num=8, cluster_eps=1e-05, att_comp_dim=64, hidden_dim=64, num_heads=8, attn_vec_dim=128, search_epoch=30, retrain_epoch=500, inner_epoch=1, patience_search=8, patience_retrain=30, batch_size=2, batch_size_test=2, momentum=0.9, lr=0.0005, lr_rate_min=3e-05, num_layers=3, dropout=0.5, weight_decay=0.0001, slope=0.05, grad_clip=5, network_momentum=0.9, arch_learning_rate=0.005, arch_weight_decay=1e-05, repeat=5, cluster_epoch=4, save_postfix='DBLP', feats_opt='0111', cuda=True, unrolled=False, useSGD=False, useTypeLinear=False, l2norm=False, cluster_norm=False, usedropout=False, is_unrolled='False', is_use_type_linear='False', is_use_SGD='False', is_use_dropout='False', time_line='2024-06-23-14-29-15', edge_feats=64, warmup_epoch=0, clusterupdate_round=1, searcher_name='darts', rnn_type='RotatE0', neighbor_samples=100, use_minibatch=False, shared_ops=True, e_greedy=0, usebn=False, seed=123, use_5seeds=True, no_use_fixseeds=False, use_dmon=True, collapse_regularization=0.1, dmon_loss_alpha=0.4, tau=1.0, schedule_step=350, schedule_step_retrain=500, use_norm=False, use_adamw=False, use_skip=False, cur_repeat=0, last_hidden_dim=512, logger=<Logger log_output (INFO)>)
2024-06-23 14:41:33,513:INFO::node_type_num: 4
2024-06-23 14:41:36,317:INFO::=============== Prepare basic data stage finish, use 735.4189076423645 time.
2024-06-23 14:41:39,699:INFO::save_dir_name: gat_darts_C8_useDmon_coef0.4_Adam_gcn.ppnp.mean.one-hot_noTypeLinear_014_64_shared_ops_lr0.0005_wd0.0001_use5seeds_use_fixseeds_use_adam_patience-8_30
2024-06-23 14:51:16,239:INFO::Epoch: 0
tensor([[0.2502, 0.2499, 0.2500, 0.2499],
        [0.2499, 0.2501, 0.2502, 0.2498],
        [0.2501, 0.2502, 0.2500, 0.2497],
        [0.2502, 0.2501, 0.2497, 0.2501],
        [0.2501, 0.2501, 0.2498, 0.2500],
        [0.2500, 0.2501, 0.2499, 0.2499],
        [0.2501, 0.2501, 0.2500, 0.2498],
        [0.2497, 0.2500, 0.2501, 0.2502]], device='cuda:0',
       grad_fn=<SoftmaxBackward0>)
2024-06-23 14:51:18,380:INFO::save_dir_name: gat_darts_C8_useDmon_coef0.4_Adam_gcn.ppnp.mean.one-hot_noTypeLinear_014_64_shared_ops_lr0.0005_wd0.0001_use5seeds_use_fixseeds_use_adam_patience-8_30
2024-06-23 14:51:18,384:INFO::Epoch 00000 | lr 0.00050 | Train_Loss 0.6976 | Train_Classification_Loss 0.7110 | Dmon_Loss -0.0334 | Val_Loss 0.6605 | Search Time(s) 1.9418 | Infer Time(s) 0.2124 | Time(s) 2.1542 
2024-06-23 14:51:22,759:INFO::cluster info:
0: -1;	1: -1;	2: -1;	3: -1;	4: -1;	5: -1;	6: -1;	7: -1;	8: -1;	9: -1;	10: -1;	11: -1;	12: -1;	13: -1;	14: -1;	15: -1;	16: -1;	17: -1;	18: -1;	19: -1;	20: -1;	21: -1;	22: -1;	23: -1;	24: -1;	25: -1;	26: -1;	27: -1;	28: -1;	29: -1;	30: -1;	31: -1;	32: -1;	33: -1;	34: -1;	35: -1;	36: -1;	37: -1;	38: -1
21390: 6;	21391: 7;	21392: 6;	21393: 0;	21394: 1;	21395: 7;	21396: 3;	21397: 2;	21398: 5;	21399: 0;	21400: 1;	21401: 1;	21402: 4;	21403: 6;	21404: 3;	21405: 0;	21406: 5;	21407: 6;	21408: 1;	21409: 3;	21410: 1;	21411: 7;	21412: 0;	21413: 2;	21414: 6;	21415: 5;	21416: 1;	21417: 5;	21418: 4;	21419: 4;	
2024-06-23 14:51:22,765:INFO::Epoch: 1
tensor([[0.2496, 0.2493, 0.2519, 0.2493],
        [0.2486, 0.2514, 0.2514, 0.2486],
        [0.2488, 0.2514, 0.2488, 0.2510],
        [0.2514, 0.2513, 0.2485, 0.2488],
        [0.2495, 0.2519, 0.2492, 0.2493],
        [0.2494, 0.2495, 0.2518, 0.2493],
        [0.2488, 0.2513, 0.2513, 0.2486],
        [0.2484, 0.2513, 0.2488, 0.2514]], device='cuda:0',
       grad_fn=<SoftmaxBackward0>)
2024-06-23 14:51:23,909:INFO::save_dir_name: gat_darts_C8_useDmon_coef0.4_Adam_gcn.ppnp.mean.one-hot_noTypeLinear_014_64_shared_ops_lr0.0005_wd0.0001_use5seeds_use_fixseeds_use_adam_patience-8_30
2024-06-23 14:51:23,912:INFO::Epoch 00001 | lr 0.00050 | Train_Loss 0.6530 | Train_Classification_Loss 0.6663 | Dmon_Loss -0.0334 | Val_Loss 0.6373 | Search Time(s) 0.9425 | Infer Time(s) 0.2054 | Time(s) 1.1479 
2024-06-23 14:51:28,153:INFO::cluster info:
0: -1;	1: -1;	2: -1;	3: -1;	4: -1;	5: -1;	6: -1;	7: -1;	8: -1;	9: -1;	10: -1;	11: -1;	12: -1;	13: -1;	14: -1;	15: -1;	16: -1;	17: -1;	18: -1;	19: -1;	20: -1;	21: -1;	22: -1;	23: -1;	24: -1;	25: -1;	26: -1;	27: -1;	28: -1;	29: -1;	30: -1;	31: -1;	32: -1;	33: -1;	34: -1;	35: -1;	36: -1;	37: -1;	38: -1
21390: 7;	21391: 2;	21392: 7;	21393: 2;	21394: 5;	21395: 2;	21396: 3;	21397: 2;	21398: 1;	21399: 5;	21400: 5;	21401: 3;	21402: 1;	21403: 2;	21404: 2;	21405: 2;	21406: 6;	21407: 3;	21408: 7;	21409: 6;	21410: 1;	21411: 6;	21412: 7;	21413: 2;	21414: 0;	21415: 0;	21416: 0;	21417: 5;	21418: 1;	21419: 7;	
2024-06-23 14:51:28,155:INFO::Validation loss decreased (inf --> 0.637275).  Saving model ...
2024-06-23 14:51:28,160:INFO::Epoch: 2
tensor([[0.2489, 0.2485, 0.2535, 0.2490],
        [0.2489, 0.2511, 0.2527, 0.2473],
        [0.2474, 0.2507, 0.2498, 0.2521],
        [0.2522, 0.2505, 0.2496, 0.2476],
        [0.2505, 0.2525, 0.2483, 0.2487],
        [0.2499, 0.2482, 0.2519, 0.2500],
        [0.2478, 0.2518, 0.2527, 0.2477],
        [0.2473, 0.2515, 0.2494, 0.2518]], device='cuda:0',
       grad_fn=<SoftmaxBackward0>)
2024-06-23 14:51:29,371:INFO::save_dir_name: gat_darts_C8_useDmon_coef0.4_Adam_gcn.ppnp.mean.one-hot_noTypeLinear_014_64_shared_ops_lr0.0005_wd0.0001_use5seeds_use_fixseeds_use_adam_patience-8_30
2024-06-23 14:51:29,375:INFO::Epoch 00002 | lr 0.00050 | Train_Loss 0.6290 | Train_Classification_Loss 0.6424 | Dmon_Loss -0.0334 | Val_Loss 0.6240 | Search Time(s) 1.0148 | Infer Time(s) 0.2005 | Time(s) 1.2152 
2024-06-23 14:51:33,708:INFO::cluster info:
0: -1;	1: -1;	2: -1;	3: -1;	4: -1;	5: -1;	6: -1;	7: -1;	8: -1;	9: -1;	10: -1;	11: -1;	12: -1;	13: -1;	14: -1;	15: -1;	16: -1;	17: -1;	18: -1;	19: -1;	20: -1;	21: -1;	22: -1;	23: -1;	24: -1;	25: -1;	26: -1;	27: -1;	28: -1;	29: -1;	30: -1;	31: -1;	32: -1;	33: -1;	34: -1;	35: -1;	36: -1;	37: -1;	38: -1
21390: 3;	21391: 7;	21392: 7;	21393: 2;	21394: 3;	21395: 4;	21396: 7;	21397: 1;	21398: 2;	21399: 6;	21400: 6;	21401: 6;	21402: 7;	21403: 7;	21404: 2;	21405: 0;	21406: 6;	21407: 1;	21408: 2;	21409: 3;	21410: 6;	21411: 5;	21412: 4;	21413: 2;	21414: 3;	21415: 5;	21416: 0;	21417: 1;	21418: 7;	21419: 3;	
2024-06-23 14:51:33,712:INFO::Validation loss decreased (0.637275 --> 0.623964).  Saving model ...
2024-06-23 14:51:33,718:INFO::Epoch: 3
tensor([[0.2486, 0.2473, 0.2543, 0.2498],
        [0.2493, 0.2503, 0.2540, 0.2463],
        [0.2469, 0.2510, 0.2506, 0.2515],
        [0.2536, 0.2495, 0.2491, 0.2478],
        [0.2507, 0.2524, 0.2491, 0.2477],
        [0.2496, 0.2470, 0.2521, 0.2513],
        [0.2473, 0.2514, 0.2538, 0.2474],
        [0.2464, 0.2512, 0.2498, 0.2526]], device='cuda:0',
       grad_fn=<SoftmaxBackward0>)
2024-06-23 14:51:34,904:INFO::save_dir_name: gat_darts_C8_useDmon_coef0.4_Adam_gcn.ppnp.mean.one-hot_noTypeLinear_014_64_shared_ops_lr0.0005_wd0.0001_use5seeds_use_fixseeds_use_adam_patience-8_30
2024-06-23 14:51:34,907:INFO::Epoch 00003 | lr 0.00050 | Train_Loss 0.6188 | Train_Classification_Loss 0.6322 | Dmon_Loss -0.0335 | Val_Loss 0.6185 | Search Time(s) 0.9918 | Infer Time(s) 0.2004 | Time(s) 1.1922 
2024-06-23 14:51:39,124:INFO::cluster info:
0: -1;	1: -1;	2: -1;	3: -1;	4: -1;	5: -1;	6: -1;	7: -1;	8: -1;	9: -1;	10: -1;	11: -1;	12: -1;	13: -1;	14: -1;	15: -1;	16: -1;	17: -1;	18: -1;	19: -1;	20: -1;	21: -1;	22: -1;	23: -1;	24: -1;	25: -1;	26: -1;	27: -1;	28: -1;	29: -1;	30: -1;	31: -1;	32: -1;	33: -1;	34: -1;	35: -1;	36: -1;	37: -1;	38: -1
21390: 5;	21391: 6;	21392: 3;	21393: 7;	21394: 5;	21395: 2;	21396: 2;	21397: 1;	21398: 1;	21399: 7;	21400: 6;	21401: 6;	21402: 4;	21403: 2;	21404: 2;	21405: 2;	21406: 5;	21407: 1;	21408: 6;	21409: 7;	21410: 6;	21411: 4;	21412: 6;	21413: 6;	21414: 7;	21415: 1;	21416: 3;	21417: 3;	21418: 2;	21419: 3;	
2024-06-23 14:51:39,125:INFO::Validation loss decreased (0.623964 --> 0.618545).  Saving model ...
2024-06-23 14:51:39,130:INFO::Epoch: 4
tensor([[0.2478, 0.2478, 0.2535, 0.2509],
        [0.2492, 0.2507, 0.2543, 0.2459],
        [0.2469, 0.2520, 0.2502, 0.2509],
        [0.2551, 0.2481, 0.2483, 0.2485],
        [0.2511, 0.2524, 0.2498, 0.2467],
        [0.2502, 0.2463, 0.2517, 0.2518],
        [0.2471, 0.2515, 0.2542, 0.2472],
        [0.2468, 0.2506, 0.2491, 0.2534]], device='cuda:0',
       grad_fn=<SoftmaxBackward0>)
2024-06-23 14:51:40,282:INFO::save_dir_name: gat_darts_C8_useDmon_coef0.4_Adam_gcn.ppnp.mean.one-hot_noTypeLinear_014_64_shared_ops_lr0.0005_wd0.0001_use5seeds_use_fixseeds_use_adam_patience-8_30
2024-06-23 14:51:40,286:INFO::Epoch 00004 | lr 0.00050 | Train_Loss 0.6034 | Train_Classification_Loss 0.6167 | Dmon_Loss -0.0334 | Val_Loss 0.6180 | Search Time(s) 0.9485 | Infer Time(s) 0.2074 | Time(s) 1.1559 
2024-06-23 14:51:44,491:INFO::cluster info:
0: -1;	1: -1;	2: -1;	3: -1;	4: -1;	5: -1;	6: -1;	7: -1;	8: -1;	9: -1;	10: -1;	11: -1;	12: -1;	13: -1;	14: -1;	15: -1;	16: -1;	17: -1;	18: -1;	19: -1;	20: -1;	21: -1;	22: -1;	23: -1;	24: -1;	25: -1;	26: -1;	27: -1;	28: -1;	29: -1;	30: -1;	31: -1;	32: -1;	33: -1;	34: -1;	35: -1;	36: -1;	37: -1;	38: -1
21390: 7;	21391: 0;	21392: 1;	21393: 1;	21394: 7;	21395: 3;	21396: 4;	21397: 7;	21398: 3;	21399: 1;	21400: 7;	21401: 0;	21402: 4;	21403: 2;	21404: 5;	21405: 3;	21406: 2;	21407: 0;	21408: 2;	21409: 7;	21410: 6;	21411: 3;	21412: 7;	21413: 7;	21414: 6;	21415: 5;	21416: 3;	21417: 3;	21418: 0;	21419: 1;	
2024-06-23 14:51:44,493:INFO::Validation loss decreased (0.618545 --> 0.617995).  Saving model ...
2024-06-23 14:51:44,497:INFO::Epoch: 5
tensor([[0.2471, 0.2486, 0.2523, 0.2520],
        [0.2490, 0.2508, 0.2550, 0.2451],
        [0.2468, 0.2515, 0.2510, 0.2507],
        [0.2552, 0.2484, 0.2472, 0.2493],
        [0.2512, 0.2526, 0.2502, 0.2461],
        [0.2507, 0.2461, 0.2515, 0.2517],
        [0.2469, 0.2517, 0.2543, 0.2471],
        [0.2478, 0.2495, 0.2478, 0.2548]], device='cuda:0',
       grad_fn=<SoftmaxBackward0>)
2024-06-23 14:51:45,611:INFO::Epoch 00005 | lr 0.00050 | Train_Loss 0.6029 | Train_Classification_Loss 0.6163 | Dmon_Loss -0.0334 | Val_Loss 0.6184 | Search Time(s) 0.9225 | Infer Time(s) 0.1955 | Time(s) 1.1180 
2024-06-23 14:51:49,847:INFO::cluster info:
0: -1;	1: -1;	2: -1;	3: -1;	4: -1;	5: -1;	6: -1;	7: -1;	8: -1;	9: -1;	10: -1;	11: -1;	12: -1;	13: -1;	14: -1;	15: -1;	16: -1;	17: -1;	18: -1;	19: -1;	20: -1;	21: -1;	22: -1;	23: -1;	24: -1;	25: -1;	26: -1;	27: -1;	28: -1;	29: -1;	30: -1;	31: -1;	32: -1;	33: -1;	34: -1;	35: -1;	36: -1;	37: -1;	38: -1
21390: 7;	21391: 0;	21392: 4;	21393: 7;	21394: 7;	21395: 6;	21396: 7;	21397: 2;	21398: 7;	21399: 3;	21400: 7;	21401: 7;	21402: 1;	21403: 0;	21404: 7;	21405: 7;	21406: 3;	21407: 0;	21408: 0;	21409: 7;	21410: 2;	21411: 0;	21412: 3;	21413: 0;	21414: 0;	21415: 5;	21416: 1;	21417: 5;	21418: 1;	21419: 0;	
2024-06-23 14:51:49,848:INFO::EarlyStopping counter: 1 out of 8
2024-06-23 14:51:49,853:INFO::Epoch: 6
tensor([[0.2462, 0.2497, 0.2525, 0.2516],
        [0.2490, 0.2504, 0.2561, 0.2445],
        [0.2471, 0.2511, 0.2516, 0.2502],
        [0.2564, 0.2477, 0.2467, 0.2492],
        [0.2505, 0.2521, 0.2519, 0.2455],
        [0.2511, 0.2467, 0.2500, 0.2522],
        [0.2465, 0.2520, 0.2542, 0.2473],
        [0.2471, 0.2503, 0.2468, 0.2558]], device='cuda:0',
       grad_fn=<SoftmaxBackward0>)
2024-06-23 14:51:50,964:INFO::save_dir_name: gat_darts_C8_useDmon_coef0.4_Adam_gcn.ppnp.mean.one-hot_noTypeLinear_014_64_shared_ops_lr0.0005_wd0.0001_use5seeds_use_fixseeds_use_adam_patience-8_30
2024-06-23 14:51:50,966:INFO::Epoch 00006 | lr 0.00050 | Train_Loss 0.6086 | Train_Classification_Loss 0.6220 | Dmon_Loss -0.0334 | Val_Loss 0.6161 | Search Time(s) 0.9136 | Infer Time(s) 0.2025 | Time(s) 1.1160 
2024-06-23 14:51:55,156:INFO::cluster info:
0: -1;	1: -1;	2: -1;	3: -1;	4: -1;	5: -1;	6: -1;	7: -1;	8: -1;	9: -1;	10: -1;	11: -1;	12: -1;	13: -1;	14: -1;	15: -1;	16: -1;	17: -1;	18: -1;	19: -1;	20: -1;	21: -1;	22: -1;	23: -1;	24: -1;	25: -1;	26: -1;	27: -1;	28: -1;	29: -1;	30: -1;	31: -1;	32: -1;	33: -1;	34: -1;	35: -1;	36: -1;	37: -1;	38: -1
21390: 1;	21391: 7;	21392: 5;	21393: 7;	21394: 5;	21395: 3;	21396: 7;	21397: 7;	21398: 2;	21399: 0;	21400: 3;	21401: 1;	21402: 5;	21403: 6;	21404: 3;	21405: 3;	21406: 4;	21407: 6;	21408: 3;	21409: 7;	21410: 3;	21411: 0;	21412: 2;	21413: 1;	21414: 0;	21415: 7;	21416: 0;	21417: 3;	21418: 7;	21419: 0;	
2024-06-23 14:51:55,157:INFO::Validation loss decreased (0.617995 --> 0.616138).  Saving model ...
2024-06-23 14:51:55,161:INFO::Epoch: 7
tensor([[0.2466, 0.2502, 0.2519, 0.2513],
        [0.2494, 0.2509, 0.2556, 0.2442],
        [0.2468, 0.2517, 0.2518, 0.2498],
        [0.2573, 0.2474, 0.2461, 0.2492],
        [0.2504, 0.2516, 0.2533, 0.2447],
        [0.2513, 0.2465, 0.2506, 0.2515],
        [0.2466, 0.2526, 0.2539, 0.2469],
        [0.2465, 0.2508, 0.2463, 0.2564]], device='cuda:0',
       grad_fn=<SoftmaxBackward0>)
2024-06-23 14:51:56,312:INFO::save_dir_name: gat_darts_C8_useDmon_coef0.4_Adam_gcn.ppnp.mean.one-hot_noTypeLinear_014_64_shared_ops_lr0.0005_wd0.0001_use5seeds_use_fixseeds_use_adam_patience-8_30
2024-06-23 14:51:56,314:INFO::Epoch 00007 | lr 0.00050 | Train_Loss 0.6035 | Train_Classification_Loss 0.6169 | Dmon_Loss -0.0335 | Val_Loss 0.6109 | Search Time(s) 0.9534 | Infer Time(s) 0.2015 | Time(s) 1.1549 
2024-06-23 14:52:00,523:INFO::cluster info:
0: -1;	1: -1;	2: -1;	3: -1;	4: -1;	5: -1;	6: -1;	7: -1;	8: -1;	9: -1;	10: -1;	11: -1;	12: -1;	13: -1;	14: -1;	15: -1;	16: -1;	17: -1;	18: -1;	19: -1;	20: -1;	21: -1;	22: -1;	23: -1;	24: -1;	25: -1;	26: -1;	27: -1;	28: -1;	29: -1;	30: -1;	31: -1;	32: -1;	33: -1;	34: -1;	35: -1;	36: -1;	37: -1;	38: -1
21390: 7;	21391: 0;	21392: 7;	21393: 6;	21394: 4;	21395: 6;	21396: 6;	21397: 7;	21398: 3;	21399: 5;	21400: 6;	21401: 0;	21402: 7;	21403: 1;	21404: 2;	21405: 2;	21406: 7;	21407: 7;	21408: 3;	21409: 7;	21410: 0;	21411: 5;	21412: 4;	21413: 2;	21414: 2;	21415: 7;	21416: 1;	21417: 2;	21418: 0;	21419: 1;	
2024-06-23 14:52:00,525:INFO::Validation loss decreased (0.616138 --> 0.610919).  Saving model ...
2024-06-23 14:52:00,529:INFO::Epoch: 8
tensor([[0.2467, 0.2511, 0.2516, 0.2506],
        [0.2503, 0.2503, 0.2556, 0.2437],
        [0.2481, 0.2520, 0.2508, 0.2491],
        [0.2579, 0.2476, 0.2450, 0.2495],
        [0.2499, 0.2506, 0.2551, 0.2444],
        [0.2522, 0.2457, 0.2503, 0.2518],
        [0.2465, 0.2536, 0.2532, 0.2467],
        [0.2473, 0.2523, 0.2443, 0.2561]], device='cuda:0',
       grad_fn=<SoftmaxBackward0>)
2024-06-23 14:52:01,680:INFO::save_dir_name: gat_darts_C8_useDmon_coef0.4_Adam_gcn.ppnp.mean.one-hot_noTypeLinear_014_64_shared_ops_lr0.0005_wd0.0001_use5seeds_use_fixseeds_use_adam_patience-8_30
2024-06-23 14:52:01,684:INFO::Epoch 00008 | lr 0.00050 | Train_Loss 0.5962 | Train_Classification_Loss 0.6096 | Dmon_Loss -0.0335 | Val_Loss 0.6038 | Search Time(s) 0.9493 | Infer Time(s) 0.2064 | Time(s) 1.1558 
2024-06-23 14:52:05,887:INFO::cluster info:
0: -1;	1: -1;	2: -1;	3: -1;	4: -1;	5: -1;	6: -1;	7: -1;	8: -1;	9: -1;	10: -1;	11: -1;	12: -1;	13: -1;	14: -1;	15: -1;	16: -1;	17: -1;	18: -1;	19: -1;	20: -1;	21: -1;	22: -1;	23: -1;	24: -1;	25: -1;	26: -1;	27: -1;	28: -1;	29: -1;	30: -1;	31: -1;	32: -1;	33: -1;	34: -1;	35: -1;	36: -1;	37: -1;	38: -1
21390: 7;	21391: 7;	21392: 7;	21393: 7;	21394: 7;	21395: 0;	21396: 0;	21397: 7;	21398: 4;	21399: 7;	21400: 3;	21401: 2;	21402: 6;	21403: 4;	21404: 3;	21405: 1;	21406: 2;	21407: 6;	21408: 7;	21409: 5;	21410: 2;	21411: 5;	21412: 7;	21413: 3;	21414: 0;	21415: 4;	21416: 1;	21417: 2;	21418: 0;	21419: 7;	
2024-06-23 14:52:05,889:INFO::Validation loss decreased (0.610919 --> 0.603793).  Saving model ...
2024-06-23 14:52:05,893:INFO::Epoch: 9
tensor([[0.2475, 0.2513, 0.2511, 0.2501],
        [0.2510, 0.2504, 0.2554, 0.2432],
        [0.2494, 0.2528, 0.2494, 0.2484],
        [0.2584, 0.2479, 0.2438, 0.2499],
        [0.2490, 0.2505, 0.2557, 0.2448],
        [0.2529, 0.2447, 0.2501, 0.2523],
        [0.2464, 0.2543, 0.2531, 0.2463],
        [0.2486, 0.2525, 0.2424, 0.2565]], device='cuda:0',
       grad_fn=<SoftmaxBackward0>)
2024-06-23 14:52:07,017:INFO::save_dir_name: gat_darts_C8_useDmon_coef0.4_Adam_gcn.ppnp.mean.one-hot_noTypeLinear_014_64_shared_ops_lr0.0005_wd0.0001_use5seeds_use_fixseeds_use_adam_patience-8_30
2024-06-23 14:52:07,021:INFO::Epoch 00009 | lr 0.00050 | Train_Loss 0.5942 | Train_Classification_Loss 0.6076 | Dmon_Loss -0.0335 | Val_Loss 0.5969 | Search Time(s) 0.9264 | Infer Time(s) 0.2025 | Time(s) 1.1289 
2024-06-23 14:52:11,255:INFO::cluster info:
0: -1;	1: -1;	2: -1;	3: -1;	4: -1;	5: -1;	6: -1;	7: -1;	8: -1;	9: -1;	10: -1;	11: -1;	12: -1;	13: -1;	14: -1;	15: -1;	16: -1;	17: -1;	18: -1;	19: -1;	20: -1;	21: -1;	22: -1;	23: -1;	24: -1;	25: -1;	26: -1;	27: -1;	28: -1;	29: -1;	30: -1;	31: -1;	32: -1;	33: -1;	34: -1;	35: -1;	36: -1;	37: -1;	38: -1
21390: 7;	21391: 0;	21392: 7;	21393: 7;	21394: 7;	21395: 1;	21396: 0;	21397: 7;	21398: 1;	21399: 1;	21400: 5;	21401: 1;	21402: 4;	21403: 5;	21404: 6;	21405: 0;	21406: 4;	21407: 3;	21408: 7;	21409: 0;	21410: 1;	21411: 5;	21412: 2;	21413: 6;	21414: 2;	21415: 6;	21416: 6;	21417: 7;	21418: 5;	21419: 0;	
2024-06-23 14:52:11,256:INFO::Validation loss decreased (0.603793 --> 0.596891).  Saving model ...
2024-06-23 14:52:11,260:INFO::Epoch: 10
tensor([[0.2477, 0.2517, 0.2504, 0.2501],
        [0.2503, 0.2503, 0.2565, 0.2428],
        [0.2503, 0.2534, 0.2485, 0.2478],
        [0.2595, 0.2488, 0.2421, 0.2496],
        [0.2482, 0.2522, 0.2558, 0.2438],
        [0.2529, 0.2444, 0.2496, 0.2531],
        [0.2458, 0.2546, 0.2537, 0.2460],
        [0.2498, 0.2513, 0.2416, 0.2573]], device='cuda:0',
       grad_fn=<SoftmaxBackward0>)
2024-06-23 14:52:12,508:INFO::save_dir_name: gat_darts_C8_useDmon_coef0.4_Adam_gcn.ppnp.mean.one-hot_noTypeLinear_014_64_shared_ops_lr0.0005_wd0.0001_use5seeds_use_fixseeds_use_adam_patience-8_30
2024-06-23 14:52:12,510:INFO::Epoch 00010 | lr 0.00050 | Train_Loss 0.5855 | Train_Classification_Loss 0.5989 | Dmon_Loss -0.0336 | Val_Loss 0.5909 | Search Time(s) 1.0462 | Infer Time(s) 0.2064 | Time(s) 1.2526 
2024-06-23 14:52:16,723:INFO::cluster info:
0: -1;	1: -1;	2: -1;	3: -1;	4: -1;	5: -1;	6: -1;	7: -1;	8: -1;	9: -1;	10: -1;	11: -1;	12: -1;	13: -1;	14: -1;	15: -1;	16: -1;	17: -1;	18: -1;	19: -1;	20: -1;	21: -1;	22: -1;	23: -1;	24: -1;	25: -1;	26: -1;	27: -1;	28: -1;	29: -1;	30: -1;	31: -1;	32: -1;	33: -1;	34: -1;	35: -1;	36: -1;	37: -1;	38: -1
21390: 3;	21391: 0;	21392: 3;	21393: 1;	21394: 6;	21395: 4;	21396: 5;	21397: 2;	21398: 1;	21399: 7;	21400: 7;	21401: 0;	21402: 5;	21403: 2;	21404: 7;	21405: 6;	21406: 3;	21407: 1;	21408: 6;	21409: 5;	21410: 2;	21411: 4;	21412: 0;	21413: 6;	21414: 2;	21415: 4;	21416: 5;	21417: 6;	21418: 7;	21419: 5;	
2024-06-23 14:52:16,724:INFO::Validation loss decreased (0.596891 --> 0.590875).  Saving model ...
2024-06-23 14:52:16,728:INFO::Epoch: 11
tensor([[0.2468, 0.2516, 0.2508, 0.2508],
        [0.2498, 0.2495, 0.2577, 0.2430],
        [0.2511, 0.2533, 0.2482, 0.2473],
        [0.2606, 0.2490, 0.2409, 0.2495],
        [0.2489, 0.2522, 0.2560, 0.2429],
        [0.2530, 0.2444, 0.2497, 0.2529],
        [0.2457, 0.2554, 0.2532, 0.2456],
        [0.2508, 0.2508, 0.2422, 0.2562]], device='cuda:0',
       grad_fn=<SoftmaxBackward0>)
2024-06-23 14:52:17,889:INFO::save_dir_name: gat_darts_C8_useDmon_coef0.4_Adam_gcn.ppnp.mean.one-hot_noTypeLinear_014_64_shared_ops_lr0.0005_wd0.0001_use5seeds_use_fixseeds_use_adam_patience-8_30
2024-06-23 14:52:17,893:INFO::Epoch 00011 | lr 0.00050 | Train_Loss 0.5789 | Train_Classification_Loss 0.5923 | Dmon_Loss -0.0336 | Val_Loss 0.5858 | Search Time(s) 0.9551 | Infer Time(s) 0.2094 | Time(s) 1.1645 
2024-06-23 14:52:22,091:INFO::cluster info:
0: -1;	1: -1;	2: -1;	3: -1;	4: -1;	5: -1;	6: -1;	7: -1;	8: -1;	9: -1;	10: -1;	11: -1;	12: -1;	13: -1;	14: -1;	15: -1;	16: -1;	17: -1;	18: -1;	19: -1;	20: -1;	21: -1;	22: -1;	23: -1;	24: -1;	25: -1;	26: -1;	27: -1;	28: -1;	29: -1;	30: -1;	31: -1;	32: -1;	33: -1;	34: -1;	35: -1;	36: -1;	37: -1;	38: -1
21390: 7;	21391: 7;	21392: 5;	21393: 7;	21394: 4;	21395: 1;	21396: 0;	21397: 0;	21398: 3;	21399: 7;	21400: 3;	21401: 0;	21402: 7;	21403: 0;	21404: 1;	21405: 1;	21406: 6;	21407: 0;	21408: 7;	21409: 7;	21410: 0;	21411: 4;	21412: 4;	21413: 2;	21414: 4;	21415: 6;	21416: 1;	21417: 3;	21418: 6;	21419: 0;	
2024-06-23 14:52:22,093:INFO::Validation loss decreased (0.590875 --> 0.585831).  Saving model ...
2024-06-23 14:52:22,097:INFO::Epoch: 12
tensor([[0.2451, 0.2516, 0.2515, 0.2518],
        [0.2495, 0.2498, 0.2571, 0.2437],
        [0.2518, 0.2547, 0.2471, 0.2464],
        [0.2616, 0.2490, 0.2396, 0.2498],
        [0.2503, 0.2526, 0.2545, 0.2426],
        [0.2527, 0.2451, 0.2495, 0.2528],
        [0.2462, 0.2560, 0.2528, 0.2451],
        [0.2517, 0.2511, 0.2422, 0.2551]], device='cuda:0',
       grad_fn=<SoftmaxBackward0>)
2024-06-23 14:52:23,250:INFO::save_dir_name: gat_darts_C8_useDmon_coef0.4_Adam_gcn.ppnp.mean.one-hot_noTypeLinear_014_64_shared_ops_lr0.0005_wd0.0001_use5seeds_use_fixseeds_use_adam_patience-8_30
2024-06-23 14:52:23,252:INFO::Epoch 00012 | lr 0.00050 | Train_Loss 0.5733 | Train_Classification_Loss 0.5868 | Dmon_Loss -0.0337 | Val_Loss 0.5812 | Search Time(s) 0.9528 | Infer Time(s) 0.2035 | Time(s) 1.1563 
2024-06-23 14:52:27,457:INFO::cluster info:
0: -1;	1: -1;	2: -1;	3: -1;	4: -1;	5: -1;	6: -1;	7: -1;	8: -1;	9: -1;	10: -1;	11: -1;	12: -1;	13: -1;	14: -1;	15: -1;	16: -1;	17: -1;	18: -1;	19: -1;	20: -1;	21: -1;	22: -1;	23: -1;	24: -1;	25: -1;	26: -1;	27: -1;	28: -1;	29: -1;	30: -1;	31: -1;	32: -1;	33: -1;	34: -1;	35: -1;	36: -1;	37: -1;	38: -1
21390: 7;	21391: 3;	21392: 7;	21393: 4;	21394: 3;	21395: 6;	21396: 7;	21397: 0;	21398: 1;	21399: 2;	21400: 6;	21401: 5;	21402: 6;	21403: 6;	21404: 7;	21405: 5;	21406: 7;	21407: 5;	21408: 6;	21409: 7;	21410: 7;	21411: 4;	21412: 7;	21413: 2;	21414: 4;	21415: 4;	21416: 4;	21417: 7;	21418: 3;	21419: 0;	
2024-06-23 14:52:27,458:INFO::Validation loss decreased (0.585831 --> 0.581233).  Saving model ...
2024-06-23 14:52:27,463:INFO::Epoch: 13
tensor([[0.2430, 0.2531, 0.2521, 0.2517],
        [0.2498, 0.2495, 0.2561, 0.2446],
        [0.2518, 0.2557, 0.2466, 0.2458],
        [0.2620, 0.2503, 0.2378, 0.2499],
        [0.2493, 0.2542, 0.2546, 0.2419],
        [0.2527, 0.2459, 0.2493, 0.2521],
        [0.2461, 0.2565, 0.2530, 0.2444],
        [0.2528, 0.2503, 0.2419, 0.2550]], device='cuda:0',
       grad_fn=<SoftmaxBackward0>)
2024-06-23 14:52:28,580:INFO::save_dir_name: gat_darts_C8_useDmon_coef0.4_Adam_gcn.ppnp.mean.one-hot_noTypeLinear_014_64_shared_ops_lr0.0005_wd0.0001_use5seeds_use_fixseeds_use_adam_patience-8_30
2024-06-23 14:52:28,584:INFO::Epoch 00013 | lr 0.00050 | Train_Loss 0.5924 | Train_Classification_Loss 0.6060 | Dmon_Loss -0.0338 | Val_Loss 0.5772 | Search Time(s) 0.9265 | Infer Time(s) 0.1955 | Time(s) 1.1220 
2024-06-23 14:52:32,816:INFO::cluster info:
0: -1;	1: -1;	2: -1;	3: -1;	4: -1;	5: -1;	6: -1;	7: -1;	8: -1;	9: -1;	10: -1;	11: -1;	12: -1;	13: -1;	14: -1;	15: -1;	16: -1;	17: -1;	18: -1;	19: -1;	20: -1;	21: -1;	22: -1;	23: -1;	24: -1;	25: -1;	26: -1;	27: -1;	28: -1;	29: -1;	30: -1;	31: -1;	32: -1;	33: -1;	34: -1;	35: -1;	36: -1;	37: -1;	38: -1
21390: 3;	21391: 7;	21392: 2;	21393: 7;	21394: 2;	21395: 2;	21396: 7;	21397: 0;	21398: 7;	21399: 7;	21400: 0;	21401: 7;	21402: 7;	21403: 7;	21404: 7;	21405: 0;	21406: 0;	21407: 1;	21408: 5;	21409: 3;	21410: 6;	21411: 5;	21412: 7;	21413: 6;	21414: 1;	21415: 5;	21416: 1;	21417: 7;	21418: 2;	21419: 4;	
2024-06-23 14:52:32,818:INFO::Validation loss decreased (0.581233 --> 0.577178).  Saving model ...
2024-06-23 14:52:32,822:INFO::Epoch: 14
tensor([[0.2414, 0.2543, 0.2525, 0.2518],
        [0.2488, 0.2507, 0.2547, 0.2458],
        [0.2514, 0.2570, 0.2468, 0.2448],
        [0.2622, 0.2508, 0.2368, 0.2503],
        [0.2477, 0.2559, 0.2544, 0.2420],
        [0.2529, 0.2460, 0.2491, 0.2520],
        [0.2469, 0.2572, 0.2517, 0.2443],
        [0.2525, 0.2506, 0.2417, 0.2551]], device='cuda:0',
       grad_fn=<SoftmaxBackward0>)
2024-06-23 14:52:34,062:INFO::save_dir_name: gat_darts_C8_useDmon_coef0.4_Adam_gcn.ppnp.mean.one-hot_noTypeLinear_014_64_shared_ops_lr0.0005_wd0.0001_use5seeds_use_fixseeds_use_adam_patience-8_30
2024-06-23 14:52:34,065:INFO::Epoch 00014 | lr 0.00050 | Train_Loss 0.5675 | Train_Classification_Loss 0.5811 | Dmon_Loss -0.0339 | Val_Loss 0.5729 | Search Time(s) 1.0437 | Infer Time(s) 0.2005 | Time(s) 1.2442 
2024-06-23 14:52:38,328:INFO::cluster info:
0: -1;	1: -1;	2: -1;	3: -1;	4: -1;	5: -1;	6: -1;	7: -1;	8: -1;	9: -1;	10: -1;	11: -1;	12: -1;	13: -1;	14: -1;	15: -1;	16: -1;	17: -1;	18: -1;	19: -1;	20: -1;	21: -1;	22: -1;	23: -1;	24: -1;	25: -1;	26: -1;	27: -1;	28: -1;	29: -1;	30: -1;	31: -1;	32: -1;	33: -1;	34: -1;	35: -1;	36: -1;	37: -1;	38: -1
21390: 5;	21391: 5;	21392: 5;	21393: 1;	21394: 5;	21395: 4;	21396: 4;	21397: 2;	21398: 7;	21399: 3;	21400: 0;	21401: 7;	21402: 2;	21403: 2;	21404: 0;	21405: 7;	21406: 4;	21407: 7;	21408: 0;	21409: 7;	21410: 2;	21411: 6;	21412: 0;	21413: 7;	21414: 1;	21415: 7;	21416: 1;	21417: 1;	21418: 7;	21419: 7;	
2024-06-23 14:52:38,330:INFO::Validation loss decreased (0.577178 --> 0.572855).  Saving model ...
2024-06-23 14:52:38,335:INFO::Epoch: 15
tensor([[0.2402, 0.2556, 0.2534, 0.2508],
        [0.2475, 0.2513, 0.2541, 0.2471],
        [0.2522, 0.2577, 0.2474, 0.2428],
        [0.2621, 0.2512, 0.2363, 0.2503],
        [0.2468, 0.2570, 0.2535, 0.2427],
        [0.2530, 0.2448, 0.2506, 0.2515],
        [0.2475, 0.2569, 0.2518, 0.2437],
        [0.2525, 0.2493, 0.2421, 0.2561]], device='cuda:0',
       grad_fn=<SoftmaxBackward0>)
2024-06-23 14:52:39,583:INFO::save_dir_name: gat_darts_C8_useDmon_coef0.4_Adam_gcn.ppnp.mean.one-hot_noTypeLinear_014_64_shared_ops_lr0.0005_wd0.0001_use5seeds_use_fixseeds_use_adam_patience-8_30
2024-06-23 14:52:39,587:INFO::Epoch 00015 | lr 0.00050 | Train_Loss 0.5647 | Train_Classification_Loss 0.5782 | Dmon_Loss -0.0338 | Val_Loss 0.5687 | Search Time(s) 1.0532 | Infer Time(s) 0.2005 | Time(s) 1.2536 
2024-06-23 14:52:43,813:INFO::cluster info:
0: -1;	1: -1;	2: -1;	3: -1;	4: -1;	5: -1;	6: -1;	7: -1;	8: -1;	9: -1;	10: -1;	11: -1;	12: -1;	13: -1;	14: -1;	15: -1;	16: -1;	17: -1;	18: -1;	19: -1;	20: -1;	21: -1;	22: -1;	23: -1;	24: -1;	25: -1;	26: -1;	27: -1;	28: -1;	29: -1;	30: -1;	31: -1;	32: -1;	33: -1;	34: -1;	35: -1;	36: -1;	37: -1;	38: -1
21390: 7;	21391: 4;	21392: 4;	21393: 2;	21394: 7;	21395: 4;	21396: 5;	21397: 7;	21398: 7;	21399: 0;	21400: 5;	21401: 7;	21402: 1;	21403: 7;	21404: 7;	21405: 6;	21406: 4;	21407: 1;	21408: 7;	21409: 5;	21410: 7;	21411: 1;	21412: 0;	21413: 7;	21414: 7;	21415: 2;	21416: 1;	21417: 1;	21418: 4;	21419: 3;	
2024-06-23 14:52:43,814:INFO::Validation loss decreased (0.572855 --> 0.568673).  Saving model ...
2024-06-23 14:52:43,819:INFO::Epoch: 16
tensor([[0.2385, 0.2545, 0.2552, 0.2519],
        [0.2457, 0.2526, 0.2525, 0.2492],
        [0.2535, 0.2558, 0.2472, 0.2436],
        [0.2625, 0.2519, 0.2359, 0.2496],
        [0.2463, 0.2575, 0.2535, 0.2428],
        [0.2517, 0.2449, 0.2506, 0.2529],
        [0.2478, 0.2560, 0.2521, 0.2441],
        [0.2524, 0.2492, 0.2423, 0.2562]], device='cuda:0',
       grad_fn=<SoftmaxBackward0>)
2024-06-23 14:52:44,959:INFO::save_dir_name: gat_darts_C8_useDmon_coef0.4_Adam_gcn.ppnp.mean.one-hot_noTypeLinear_014_64_shared_ops_lr0.0005_wd0.0001_use5seeds_use_fixseeds_use_adam_patience-8_30
2024-06-23 14:52:44,961:INFO::Epoch 00016 | lr 0.00050 | Train_Loss 0.5743 | Train_Classification_Loss 0.5879 | Dmon_Loss -0.0340 | Val_Loss 0.5646 | Search Time(s) 0.9475 | Infer Time(s) 0.1965 | Time(s) 1.1439 
2024-06-23 14:52:49,158:INFO::cluster info:
0: -1;	1: -1;	2: -1;	3: -1;	4: -1;	5: -1;	6: -1;	7: -1;	8: -1;	9: -1;	10: -1;	11: -1;	12: -1;	13: -1;	14: -1;	15: -1;	16: -1;	17: -1;	18: -1;	19: -1;	20: -1;	21: -1;	22: -1;	23: -1;	24: -1;	25: -1;	26: -1;	27: -1;	28: -1;	29: -1;	30: -1;	31: -1;	32: -1;	33: -1;	34: -1;	35: -1;	36: -1;	37: -1;	38: -1
21390: 7;	21391: 7;	21392: 6;	21393: 2;	21394: 7;	21395: 0;	21396: 0;	21397: 5;	21398: 0;	21399: 7;	21400: 0;	21401: 7;	21402: 0;	21403: 2;	21404: 4;	21405: 0;	21406: 2;	21407: 2;	21408: 6;	21409: 5;	21410: 2;	21411: 7;	21412: 2;	21413: 7;	21414: 7;	21415: 7;	21416: 0;	21417: 4;	21418: 7;	21419: 1;	
2024-06-23 14:52:49,159:INFO::Validation loss decreased (0.568673 --> 0.564613).  Saving model ...
2024-06-23 14:52:49,163:INFO::Epoch: 17
tensor([[0.2368, 0.2543, 0.2567, 0.2521],
        [0.2459, 0.2527, 0.2512, 0.2502],
        [0.2526, 0.2556, 0.2480, 0.2438],
        [0.2639, 0.2520, 0.2350, 0.2492],
        [0.2461, 0.2572, 0.2538, 0.2429],
        [0.2512, 0.2457, 0.2495, 0.2537],
        [0.2483, 0.2557, 0.2510, 0.2450],
        [0.2524, 0.2501, 0.2412, 0.2563]], device='cuda:0',
       grad_fn=<SoftmaxBackward0>)
2024-06-23 14:52:50,330:INFO::save_dir_name: gat_darts_C8_useDmon_coef0.4_Adam_gcn.ppnp.mean.one-hot_noTypeLinear_014_64_shared_ops_lr0.0005_wd0.0001_use5seeds_use_fixseeds_use_adam_patience-8_30
2024-06-23 14:52:50,333:INFO::Epoch 00017 | lr 0.00050 | Train_Loss 0.5520 | Train_Classification_Loss 0.5656 | Dmon_Loss -0.0340 | Val_Loss 0.5607 | Search Time(s) 0.9577 | Infer Time(s) 0.2134 | Time(s) 1.1711 
2024-06-23 14:52:54,545:INFO::cluster info:
0: -1;	1: -1;	2: -1;	3: -1;	4: -1;	5: -1;	6: -1;	7: -1;	8: -1;	9: -1;	10: -1;	11: -1;	12: -1;	13: -1;	14: -1;	15: -1;	16: -1;	17: -1;	18: -1;	19: -1;	20: -1;	21: -1;	22: -1;	23: -1;	24: -1;	25: -1;	26: -1;	27: -1;	28: -1;	29: -1;	30: -1;	31: -1;	32: -1;	33: -1;	34: -1;	35: -1;	36: -1;	37: -1;	38: -1
21390: 5;	21391: 2;	21392: 6;	21393: 2;	21394: 2;	21395: 0;	21396: 6;	21397: 0;	21398: 7;	21399: 7;	21400: 5;	21401: 7;	21402: 7;	21403: 0;	21404: 0;	21405: 1;	21406: 2;	21407: 2;	21408: 3;	21409: 5;	21410: 2;	21411: 2;	21412: 0;	21413: 1;	21414: 6;	21415: 5;	21416: 4;	21417: 2;	21418: 5;	21419: 4;	
2024-06-23 14:52:54,547:INFO::Validation loss decreased (0.564613 --> 0.560654).  Saving model ...
2024-06-23 14:52:54,551:INFO::Epoch: 18
tensor([[0.2364, 0.2528, 0.2578, 0.2529],
        [0.2462, 0.2523, 0.2511, 0.2505],
        [0.2531, 0.2555, 0.2472, 0.2442],
        [0.2640, 0.2523, 0.2340, 0.2497],
        [0.2460, 0.2561, 0.2546, 0.2433],
        [0.2516, 0.2455, 0.2498, 0.2531],
        [0.2481, 0.2552, 0.2515, 0.2451],
        [0.2536, 0.2500, 0.2403, 0.2561]], device='cuda:0',
       grad_fn=<SoftmaxBackward0>)
2024-06-23 14:52:55,803:INFO::save_dir_name: gat_darts_C8_useDmon_coef0.4_Adam_gcn.ppnp.mean.one-hot_noTypeLinear_014_64_shared_ops_lr0.0005_wd0.0001_use5seeds_use_fixseeds_use_adam_patience-8_30
2024-06-23 14:52:55,806:INFO::Epoch 00018 | lr 0.00050 | Train_Loss 0.5455 | Train_Classification_Loss 0.5592 | Dmon_Loss -0.0341 | Val_Loss 0.5565 | Search Time(s) 1.0525 | Infer Time(s) 0.2035 | Time(s) 1.2560 
2024-06-23 14:53:00,017:INFO::cluster info:
0: -1;	1: -1;	2: -1;	3: -1;	4: -1;	5: -1;	6: -1;	7: -1;	8: -1;	9: -1;	10: -1;	11: -1;	12: -1;	13: -1;	14: -1;	15: -1;	16: -1;	17: -1;	18: -1;	19: -1;	20: -1;	21: -1;	22: -1;	23: -1;	24: -1;	25: -1;	26: -1;	27: -1;	28: -1;	29: -1;	30: -1;	31: -1;	32: -1;	33: -1;	34: -1;	35: -1;	36: -1;	37: -1;	38: -1
21390: 3;	21391: 1;	21392: 7;	21393: 7;	21394: 2;	21395: 7;	21396: 2;	21397: 2;	21398: 0;	21399: 2;	21400: 2;	21401: 7;	21402: 7;	21403: 0;	21404: 4;	21405: 2;	21406: 4;	21407: 1;	21408: 7;	21409: 5;	21410: 5;	21411: 0;	21412: 3;	21413: 6;	21414: 5;	21415: 4;	21416: 6;	21417: 3;	21418: 5;	21419: 6;	
2024-06-23 14:53:00,019:INFO::Validation loss decreased (0.560654 --> 0.556535).  Saving model ...
2024-06-23 14:53:00,024:INFO::Epoch: 19
tensor([[0.2357, 0.2520, 0.2578, 0.2546],
        [0.2463, 0.2518, 0.2513, 0.2505],
        [0.2539, 0.2559, 0.2471, 0.2430],
        [0.2636, 0.2519, 0.2350, 0.2495],
        [0.2459, 0.2553, 0.2560, 0.2428],
        [0.2502, 0.2465, 0.2506, 0.2527],
        [0.2473, 0.2553, 0.2514, 0.2460],
        [0.2544, 0.2509, 0.2397, 0.2549]], device='cuda:0',
       grad_fn=<SoftmaxBackward0>)
2024-06-23 14:53:01,199:INFO::save_dir_name: gat_darts_C8_useDmon_coef0.4_Adam_gcn.ppnp.mean.one-hot_noTypeLinear_014_64_shared_ops_lr0.0005_wd0.0001_use5seeds_use_fixseeds_use_adam_patience-8_30
2024-06-23 14:53:01,204:INFO::Epoch 00019 | lr 0.00050 | Train_Loss 0.5364 | Train_Classification_Loss 0.5501 | Dmon_Loss -0.0343 | Val_Loss 0.5520 | Search Time(s) 0.9724 | Infer Time(s) 0.2084 | Time(s) 1.1808 
2024-06-23 14:53:05,407:INFO::cluster info:
0: -1;	1: -1;	2: -1;	3: -1;	4: -1;	5: -1;	6: -1;	7: -1;	8: -1;	9: -1;	10: -1;	11: -1;	12: -1;	13: -1;	14: -1;	15: -1;	16: -1;	17: -1;	18: -1;	19: -1;	20: -1;	21: -1;	22: -1;	23: -1;	24: -1;	25: -1;	26: -1;	27: -1;	28: -1;	29: -1;	30: -1;	31: -1;	32: -1;	33: -1;	34: -1;	35: -1;	36: -1;	37: -1;	38: -1
21390: 3;	21391: 7;	21392: 7;	21393: 2;	21394: 1;	21395: 7;	21396: 2;	21397: 1;	21398: 0;	21399: 2;	21400: 6;	21401: 7;	21402: 6;	21403: 4;	21404: 0;	21405: 5;	21406: 7;	21407: 1;	21408: 7;	21409: 1;	21410: 2;	21411: 0;	21412: 2;	21413: 0;	21414: 4;	21415: 6;	21416: 3;	21417: 3;	21418: 3;	21419: 0;	
2024-06-23 14:53:05,409:INFO::Validation loss decreased (0.556535 --> 0.552022).  Saving model ...
2024-06-23 14:53:05,415:INFO::Epoch: 20
tensor([[0.2359, 0.2499, 0.2590, 0.2553],
        [0.2462, 0.2523, 0.2509, 0.2507],
        [0.2561, 0.2561, 0.2462, 0.2416],
        [0.2629, 0.2528, 0.2356, 0.2487],
        [0.2446, 0.2563, 0.2577, 0.2414],
        [0.2515, 0.2458, 0.2508, 0.2520],
        [0.2476, 0.2549, 0.2506, 0.2470],
        [0.2553, 0.2507, 0.2395, 0.2544]], device='cuda:0',
       grad_fn=<SoftmaxBackward0>)
2024-06-23 14:53:06,553:INFO::save_dir_name: gat_darts_C8_useDmon_coef0.4_Adam_gcn.ppnp.mean.one-hot_noTypeLinear_014_64_shared_ops_lr0.0005_wd0.0001_use5seeds_use_fixseeds_use_adam_patience-8_30
2024-06-23 14:53:06,556:INFO::Epoch 00020 | lr 0.00050 | Train_Loss 0.5324 | Train_Classification_Loss 0.5463 | Dmon_Loss -0.0345 | Val_Loss 0.5479 | Search Time(s) 0.9403 | Infer Time(s) 0.2045 | Time(s) 1.1448 
2024-06-23 14:53:10,781:INFO::cluster info:
0: -1;	1: -1;	2: -1;	3: -1;	4: -1;	5: -1;	6: -1;	7: -1;	8: -1;	9: -1;	10: -1;	11: -1;	12: -1;	13: -1;	14: -1;	15: -1;	16: -1;	17: -1;	18: -1;	19: -1;	20: -1;	21: -1;	22: -1;	23: -1;	24: -1;	25: -1;	26: -1;	27: -1;	28: -1;	29: -1;	30: -1;	31: -1;	32: -1;	33: -1;	34: -1;	35: -1;	36: -1;	37: -1;	38: -1
21390: 3;	21391: 0;	21392: 2;	21393: 3;	21394: 2;	21395: 4;	21396: 2;	21397: 2;	21398: 4;	21399: 7;	21400: 1;	21401: 5;	21402: 7;	21403: 1;	21404: 4;	21405: 0;	21406: 2;	21407: 2;	21408: 7;	21409: 7;	21410: 7;	21411: 5;	21412: 1;	21413: 0;	21414: 6;	21415: 0;	21416: 6;	21417: 4;	21418: 7;	21419: 0;	
2024-06-23 14:53:10,783:INFO::Validation loss decreased (0.552022 --> 0.547855).  Saving model ...
2024-06-23 14:53:10,787:INFO::Epoch: 21
tensor([[0.2375, 0.2468, 0.2594, 0.2563],
        [0.2461, 0.2521, 0.2505, 0.2513],
        [0.2589, 0.2556, 0.2454, 0.2401],
        [0.2632, 0.2525, 0.2354, 0.2489],
        [0.2438, 0.2569, 0.2580, 0.2413],
        [0.2527, 0.2448, 0.2506, 0.2519],
        [0.2479, 0.2534, 0.2502, 0.2486],
        [0.2568, 0.2510, 0.2387, 0.2535]], device='cuda:0',
       grad_fn=<SoftmaxBackward0>)
2024-06-23 14:53:12,039:INFO::save_dir_name: gat_darts_C8_useDmon_coef0.4_Adam_gcn.ppnp.mean.one-hot_noTypeLinear_014_64_shared_ops_lr0.0005_wd0.0001_use5seeds_use_fixseeds_use_adam_patience-8_30
2024-06-23 14:53:12,042:INFO::Epoch 00021 | lr 0.00050 | Train_Loss 0.5283 | Train_Classification_Loss 0.5421 | Dmon_Loss -0.0347 | Val_Loss 0.5433 | Search Time(s) 1.0542 | Infer Time(s) 0.2015 | Time(s) 1.2556 
2024-06-23 14:53:16,297:INFO::cluster info:
0: -1;	1: -1;	2: -1;	3: -1;	4: -1;	5: -1;	6: -1;	7: -1;	8: -1;	9: -1;	10: -1;	11: -1;	12: -1;	13: -1;	14: -1;	15: -1;	16: -1;	17: -1;	18: -1;	19: -1;	20: -1;	21: -1;	22: -1;	23: -1;	24: -1;	25: -1;	26: -1;	27: -1;	28: -1;	29: -1;	30: -1;	31: -1;	32: -1;	33: -1;	34: -1;	35: -1;	36: -1;	37: -1;	38: -1
21390: 7;	21391: 7;	21392: 7;	21393: 7;	21394: 7;	21395: 6;	21396: 0;	21397: 1;	21398: 1;	21399: 1;	21400: 2;	21401: 4;	21402: 6;	21403: 2;	21404: 2;	21405: 4;	21406: 3;	21407: 2;	21408: 1;	21409: 1;	21410: 2;	21411: 4;	21412: 5;	21413: 7;	21414: 1;	21415: 5;	21416: 6;	21417: 7;	21418: 7;	21419: 4;	
2024-06-23 14:53:16,299:INFO::Validation loss decreased (0.547855 --> 0.543267).  Saving model ...
2024-06-23 14:53:16,304:INFO::Epoch: 22
tensor([[0.2388, 0.2453, 0.2579, 0.2580],
        [0.2461, 0.2522, 0.2496, 0.2522],
        [0.2621, 0.2557, 0.2433, 0.2389],
        [0.2638, 0.2515, 0.2354, 0.2493],
        [0.2436, 0.2574, 0.2575, 0.2414],
        [0.2542, 0.2431, 0.2500, 0.2527],
        [0.2484, 0.2514, 0.2505, 0.2497],
        [0.2587, 0.2512, 0.2379, 0.2522]], device='cuda:0',
       grad_fn=<SoftmaxBackward0>)
2024-06-23 14:53:17,571:INFO::save_dir_name: gat_darts_C8_useDmon_coef0.4_Adam_gcn.ppnp.mean.one-hot_noTypeLinear_014_64_shared_ops_lr0.0005_wd0.0001_use5seeds_use_fixseeds_use_adam_patience-8_30
2024-06-23 14:53:17,575:INFO::Epoch 00022 | lr 0.00050 | Train_Loss 0.5359 | Train_Classification_Loss 0.5499 | Dmon_Loss -0.0348 | Val_Loss 0.5389 | Search Time(s) 1.0613 | Infer Time(s) 0.2104 | Time(s) 1.2717 
2024-06-23 14:53:21,808:INFO::cluster info:
0: -1;	1: -1;	2: -1;	3: -1;	4: -1;	5: -1;	6: -1;	7: -1;	8: -1;	9: -1;	10: -1;	11: -1;	12: -1;	13: -1;	14: -1;	15: -1;	16: -1;	17: -1;	18: -1;	19: -1;	20: -1;	21: -1;	22: -1;	23: -1;	24: -1;	25: -1;	26: -1;	27: -1;	28: -1;	29: -1;	30: -1;	31: -1;	32: -1;	33: -1;	34: -1;	35: -1;	36: -1;	37: -1;	38: -1
21390: 7;	21391: 7;	21392: 7;	21393: 2;	21394: 7;	21395: 7;	21396: 1;	21397: 2;	21398: 1;	21399: 7;	21400: 5;	21401: 2;	21402: 1;	21403: 2;	21404: 4;	21405: 3;	21406: 4;	21407: 5;	21408: 7;	21409: 0;	21410: 2;	21411: 6;	21412: 5;	21413: 4;	21414: 6;	21415: 2;	21416: 5;	21417: 3;	21418: 7;	21419: 6;	
2024-06-23 14:53:21,810:INFO::Validation loss decreased (0.543267 --> 0.538857).  Saving model ...
2024-06-23 14:53:21,814:INFO::Epoch: 23
tensor([[0.2400, 0.2438, 0.2578, 0.2585],
        [0.2465, 0.2518, 0.2508, 0.2509],
        [0.2645, 0.2553, 0.2426, 0.2376],
        [0.2642, 0.2505, 0.2352, 0.2501],
        [0.2439, 0.2575, 0.2565, 0.2421],
        [0.2551, 0.2420, 0.2506, 0.2524],
        [0.2487, 0.2505, 0.2511, 0.2497],
        [0.2610, 0.2511, 0.2371, 0.2508]], device='cuda:0',
       grad_fn=<SoftmaxBackward0>)
2024-06-23 14:53:22,940:INFO::save_dir_name: gat_darts_C8_useDmon_coef0.4_Adam_gcn.ppnp.mean.one-hot_noTypeLinear_014_64_shared_ops_lr0.0005_wd0.0001_use5seeds_use_fixseeds_use_adam_patience-8_30
2024-06-23 14:53:22,945:INFO::Epoch 00023 | lr 0.00050 | Train_Loss 0.5155 | Train_Classification_Loss 0.5295 | Dmon_Loss -0.0352 | Val_Loss 0.5338 | Search Time(s) 0.9250 | Infer Time(s) 0.2045 | Time(s) 1.1294 
2024-06-23 14:53:27,195:INFO::cluster info:
0: -1;	1: -1;	2: -1;	3: -1;	4: -1;	5: -1;	6: -1;	7: -1;	8: -1;	9: -1;	10: -1;	11: -1;	12: -1;	13: -1;	14: -1;	15: -1;	16: -1;	17: -1;	18: -1;	19: -1;	20: -1;	21: -1;	22: -1;	23: -1;	24: -1;	25: -1;	26: -1;	27: -1;	28: -1;	29: -1;	30: -1;	31: -1;	32: -1;	33: -1;	34: -1;	35: -1;	36: -1;	37: -1;	38: -1
21390: 0;	21391: 0;	21392: 0;	21393: 3;	21394: 2;	21395: 0;	21396: 6;	21397: 2;	21398: 2;	21399: 4;	21400: 6;	21401: 2;	21402: 1;	21403: 1;	21404: 5;	21405: 3;	21406: 4;	21407: 0;	21408: 7;	21409: 5;	21410: 2;	21411: 6;	21412: 1;	21413: 2;	21414: 3;	21415: 6;	21416: 2;	21417: 2;	21418: 7;	21419: 6;	
2024-06-23 14:53:27,198:INFO::Validation loss decreased (0.538857 --> 0.533817).  Saving model ...
2024-06-23 14:53:27,203:INFO::Epoch: 24
tensor([[0.2405, 0.2443, 0.2562, 0.2590],
        [0.2474, 0.2507, 0.2511, 0.2508],
        [0.2668, 0.2546, 0.2415, 0.2371],
        [0.2646, 0.2493, 0.2351, 0.2510],
        [0.2430, 0.2590, 0.2538, 0.2443],
        [0.2561, 0.2417, 0.2497, 0.2524],
        [0.2495, 0.2488, 0.2512, 0.2505],
        [0.2628, 0.2510, 0.2362, 0.2500]], device='cuda:0',
       grad_fn=<SoftmaxBackward0>)
2024-06-23 14:53:28,433:INFO::save_dir_name: gat_darts_C8_useDmon_coef0.4_Adam_gcn.ppnp.mean.one-hot_noTypeLinear_014_64_shared_ops_lr0.0005_wd0.0001_use5seeds_use_fixseeds_use_adam_patience-8_30
